p min 277 674 10
n 1 1992
n 2 2051
n 3 1911
n 4 1494
n 5 3686
n 6 11417
n 7 1764
n 8 705
n 9 1390
n 10 3694
n 11 1665
n 12 3487
n 13 3007
n 14 2792
n 15 37345
n 16 126
n 17 2077
n 18 3482
n 19 12965
n 20 21147
n 21 8431
n 22 13371
n 23 4402
n 24 1861
n 25 1663
n 26 152
n 27 0
n 28 0
n 29 0
n 30 0
n 31 0
n 32 0
n 33 0
n 34 0
n 35 0
n 36 0
n 37 0
n 38 0
n 39 0
n 40 0
n 41 0
n 42 0
n 43 0
n 44 0
n 45 0
n 46 0
n 47 0
n 48 0
n 49 0
n 50 0
n 51 0
n 52 0
n 53 0
n 54 0
n 55 0
n 56 0
n 57 0
n 58 0
n 59 0
n 60 0
n 61 0
n 62 0
n 63 0
n 64 0
n 65 0
n 66 0
n 67 0
n 68 0
n 69 0
n 70 0
n 71 0
n 72 0
n 73 0
n 74 0
n 75 0
n 76 0
n 77 0
n 78 0
n 79 0
n 80 0
n 81 0
n 82 0
n 83 0
n 84 0
n 85 0
n 86 0
n 87 0
n 88 0
n 89 0
n 90 0
n 91 0
n 92 0
n 93 0
n 94 0
n 95 0
n 96 0
n 97 0
n 98 0
n 99 0
n 100 0
n 101 0
n 102 0
n 103 0
n 104 0
n 105 0
n 106 0
n 107 0
n 108 0
n 109 0
n 110 0
n 111 0
n 112 0
n 113 0
n 114 0
n 115 0
n 116 0
n 117 0
n 118 0
n 119 0
n 120 0
n 121 0
n 122 0
n 123 0
n 124 0
n 125 0
n 126 0
n 127 0
n 128 0
n 129 0
n 130 0
n 131 0
n 132 0
n 133 0
n 134 0
n 135 0
n 136 0
n 137 0
n 138 0
n 139 0
n 140 0
n 141 0
n 142 0
n 143 0
n 144 0
n 145 0
n 146 0
n 147 0
n 148 0
n 149 0
n 150 0
n 151 0
n 152 0
n 153 0
n 154 0
n 155 0
n 156 0
n 157 0
n 158 0
n 159 0
n 160 0
n 161 0
n 162 0
n 163 0
n 164 0
n 165 0
n 166 0
n 167 0
n 168 0
n 169 0
n 170 0
n 171 0
n 172 0
n 173 0
n 174 0
n 175 0
n 176 0
n 177 0
n 178 0
n 179 0
n 180 0
n 181 0
n 182 0
n 183 0
n 184 0
n 185 0
n 186 0
n 187 0
n 188 0
n 189 0
n 190 0
n 191 0
n 192 0
n 193 0
n 194 0
n 195 0
n 196 0
n 197 0
n 198 0
n 199 0
n 200 0
n 201 0
n 202 0
n 203 0
n 204 0
n 205 0
n 206 0
n 207 0
n 208 0
n 209 0
n 210 0
n 211 0
n 212 0
n 213 0
n 214 0
n 215 0
n 216 0
n 217 0
n 218 0
n 219 0
n 220 0
n 221 0
n 222 0
n 223 0
n 224 0
n 225 0
n 226 0
n 227 0
n 228 0
n 229 -5695
n 230 -5695
n 231 -5695
n 232 -5695
n 233 -5695
n 234 -5695
n 235 -5695
n 236 -5695
n 237 -5695
n 238 -5695
n 239 -5695
n 240 -5695
n 241 -5695
n 242 -5695
n 243 -5695
n 244 -5695
n 245 -5695
n 246 -5695
n 247 -5695
n 248 -5695
n 249 -5695
n 250 -5695
n 251 -5695
n 252 -5695
n 253 -5695
n 254 -5695
n 255 -5695
n 256 -5695
n 257 -5695
n 258 -5695
n 259 -5695
n 260 -5695
n 261 -5695
n 262 -5695
n 263 -5695
n 264 -5695
n 265 -5695
n 266 -5695
n 267 -5695
n 268 -5695
n 269 -5695
n 270 -5695
n 271 -5695
n 272 -5695
n 273 -5695
n 274 -5695
n 275 -5695
n 276 -5695
n 277 -5702
a 229 139 4.0 4.0 -1 1.0 -1 -1 4.0 -1 2.0 4.0
a 1 140 -1 3.0 1.0 2.0 -1 4.0 3.0 1.0 1.0 -1
a 1 145 -1 4.0 -1 -1 -1 4.0 -1 1.0 1.0 4.0
a 2 144 1.0 4.0 -1 1.0 4.0 -1 -1 1.0 -1 4.0
a 2 142 1.0 4.0 1.0 1.0 -1 1.0 3.0 2.0 2.0 4.0
a 3 144 -1 3.0 1.0 -1 4.0 1.0 3.0 -1 2.0 3.0
a 4 137 1.0 -1 1.0 1.0 3.0 4.0 4.0 1.0 1.0 4.0
a 4 194 4.0 4.0 1.0 2.0 4.0 -1 -1 1.0 1.0 -1
a 5 137 4.0 4.0 -1 -1 4.0 1.0 -1 1.0 1.0 3.0
a 5 117 -1 4.0 1.0 1.0 4.0 -1 4.0 1.0 1.0 3.0
a 5 138 1.0 4.0 1.0 -1 -1 1.0 3.0 1.0 -1 4.0
a 6 197 4.0 4.0 1.0 2.0 4.0 1.0 -1 -1 1.0 4.0
a 6 217 4.0 -1 -1 1.0 4.0 -1 -1 -1 1.0 3.0
a 6 124 -1 4.0 -1 1.0 -1 -1 4.0 1.0 1.0 4.0
a 6 215 -1 3.0 -1 2.0 3.0 -1 4.0 1.0 1.0 -1
a 7 146 -1 3.0 -1 -1 4.0 4.0 4.0 1.0 -1 -1
a 7 147 4.0 -1 2.0 2.0 -1 4.0 -1 1.0 1.0 4.0
a 7 148 1.0 3.0 1.0 -1 4.0 -1 -1 -1 1.0 -1
a 8 148 4.0 3.0 2.0 -1 4.0 -1 4.0 -1 -1 4.0
a 8 190 -1 4.0 2.0 1.0 4.0 4.0 4.0 1.0 2.0 4.0
a 9 171 -1 4.0 1.0 -1 4.0 4.0 -1 2.0 -1 -1
a 9 170 -1 -1 -1 1.0 -1 1.0 4.0 1.0 -1 4.0
a 9 186 -1 4.0 1.0 1.0 3.0 -1 -1 -1 2.0 -1
a 10 163 1.0 -1 1.0 1.0 4.0 1.0 4.0 -1 2.0 3.0
a 10 170 -1 4.0 -1 2.0 -1 -1 4.0 -1 1.0 -1
a 11 131 1.0 4.0 2.0 -1 -1 -1 -1 1.0 1.0 4.0
a 11 271 1.0 4.0 1.0 1.0 -1 1.0 4.0 1.0 -1 -1
a 11 163 -1 4.0 -1 1.0 -1 4.0 4.0 -1 -1 4.0
a 12 168 -1 -1 2.0 2.0 -1 -1 4.0 1.0 1.0 4.0
a 12 165 4.0 -1 -1 1.0 -1 -1 4.0 1.0 1.0 -1
a 12 160 -1 4.0 1.0 1.0 3.0 -1 4.0 -1 1.0 4.0
a 13 77 -1 -1 -1 1.0 3.0 4.0 4.0 -1 1.0 4.0
a 13 134 -1 4.0 2.0 -1 -1 -1 -1 -1 -1 4.0
a 13 84 -1 4.0 -1 -1 -1 -1 4.0 -1 -1 -1
a 14 172 -1 -1 2.0 1.0 3.0 -1 4.0 1.0 1.0 -1
a 14 201 -1 4.0 1.0 -1 -1 -1 4.0 1.0 1.0 -1
a 14 134 -1 3.0 -1 1.0 -1 4.0 -1 -1 1.0 -1
a 15 83 1.0 4.0 1.0 -1 4.0 -1 -1 1.0 -1 4.0
a 15 121 -1 4.0 1.0 2.0 4.0 4.0 4.0 1.0 2.0 3.0
a 15 77 4.0 3.0 1.0 2.0 -1 -1 3.0 1.0 -1 -1
a 15 122 1.0 4.0 -1 1.0 4.0 1.0 3.0 -1 1.0 3.0
a 16 169 -1 -1 -1 1.0 4.0 -1 3.0 1.0 1.0 4.0
a 16 158 -1 4.0 1.0 1.0 4.0 -1 4.0 1.0 1.0 3.0
a 16 160 -1 4.0 1.0 1.0 -1 1.0 -1 -1 1.0 4.0
a 17 73 4.0 4.0 1.0 -1 4.0 1.0 3.0 2.0 1.0 -1
a 17 166 -1 -1 2.0 -1 3.0 -1 -1 1.0 -1 4.0
a 18 184 1.0 4.0 -1 1.0 4.0 -1 3.0 2.0 2.0 -1
a 18 130 1.0 4.0 1.0 -1 4.0 4.0 -1 1.0 -1 3.0
a 18 116 1.0 -1 -1 1.0 4.0 4.0 -1 -1 1.0 4.0
a 19 102 4.0 4.0 1.0 1.0 -1 4.0 3.0 -1 1.0 3.0
a 19 220 -1 4.0 2.0 -1 4.0 4.0 -1 1.0 -1 -1
a 20 218 -1 4.0 -1 -1 4.0 4.0 3.0 -1 -1 -1
a 20 121 4.0 4.0 1.0 1.0 4.0 -1 -1 1.0 1.0 -1
a 21 203 4.0 -1 1.0 1.0 3.0 -1 4.0 1.0 1.0 4.0
a 21 119 -1 4.0 1.0 2.0 -1 4.0 -1 -1 -1 -1
a 22 106 4.0 4.0 -1 -1 4.0 1.0 -1 -1 2.0 3.0
a 22 107 -1 4.0 1.0 1.0 4.0 1.0 4.0 1.0 -1 4.0
a 22 110 1.0 4.0 -1 2.0 -1 -1 -1 -1 1.0 -1
a 22 112 -1 4.0 1.0 1.0 -1 -1 4.0 1.0 2.0 4.0
a 23 80 -1 4.0 -1 -1 -1 1.0 4.0 1.0 1.0 4.0
a 23 127 -1 3.0 -1 2.0 4.0 1.0 3.0 1.0 -1 4.0
a 23 128 1.0 -1 -1 1.0 4.0 1.0 4.0 1.0 -1 -1
a 23 129 4.0 -1 1.0 1.0 4.0 1.0 -1 1.0 1.0 3.0
a 24 96 4.0 -1 1.0 -1 4.0 -1 4.0 1.0 1.0 3.0
a 24 86 1.0 4.0 2.0 -1 -1 -1 4.0 2.0 -1 -1
a 24 93 -1 3.0 1.0 -1 -1 1.0 4.0 -1 1.0 -1
a 24 92 1.0 4.0 1.0 1.0 4.0 1.0 -1 -1 1.0 -1
a 25 138 1.0 3.0 1.0 1.0 4.0 4.0 3.0 -1 -1 -1
a 25 90 4.0 4.0 -1 -1 3.0 4.0 4.0 2.0 -1 3.0
a 26 136 -1 4.0 2.0 1.0 4.0 -1 3.0 1.0 1.0 4.0
a 230 39 4.0 3.0 -1 1.0 4.0 -1 -1 2.0 2.0 3.0
a 231 49 1.0 4.0 1.0 2.0 3.0 1.0 4.0 -1 -1 4.0
a 27 28 -1 4.0 1.0 1.0 4.0 -1 4.0 1.0 1.0 4.0
a 27 115 1.0 3.0 -1 1.0 -1 -1 -1 -1 1.0 -1
a 27 116 4.0 3.0 1.0 -1 -1 -1 -1 1.0 -1 4.0
a 28 27 -1 4.0 1.0 -1 4.0 4.0 -1 -1 1.0 4.0
a 28 122 -1 -1 1.0 1.0 -1 4.0 4.0 1.0 -1 4.0
a 28 121 1.0 3.0 2.0 -1 4.0 -1 4.0 1.0 -1 3.0
a 28 219 4.0 -1 -1 -1 3.0 1.0 3.0 -1 1.0 -1
a 29 51 1.0 3.0 1.0 2.0 4.0 1.0 4.0 -1 2.0 3.0
a 29 224 4.0 -1 1.0 1.0 -1 -1 3.0 1.0 2.0 4.0
a 232 29 -1 3.0 1.0 -1 4.0 -1 -1 2.0 -1 4.0
a 232 223 4.0 -1 1.0 1.0 -1 -1 4.0 2.0 2.0 -1
a 30 149 1.0 -1 -1 -1 4.0 1.0 4.0 -1 1.0 -1
a 31 52 -1 4.0 -1 -1 4.0 -1 -1 -1 1.0 4.0
a 31 30 4.0 3.0 1.0 1.0 4.0 1.0 4.0 -1 2.0 -1
a 235 89 -1 4.0 1.0 -1 4.0 -1 4.0 -1 -1 -1
a 236 53 4.0 4.0 -1 1.0 4.0 4.0 -1 1.0 1.0 3.0
a 237 36 -1 4.0 1.0 2.0 -1 -1 4.0 1.0 2.0 4.0
a 32 240 -1 4.0 2.0 1.0 4.0 -1 3.0 -1 1.0 -1
a 33 32 -1 4.0 -1 -1 -1 -1 -1 -1 1.0 -1
a 33 239 4.0 4.0 -1 2.0 -1 -1 4.0 1.0 1.0 3.0
a 238 34 4.0 4.0 1.0 -1 4.0 -1 -1 1.0 1.0 4.0
a 34 88 -1 4.0 1.0 1.0 4.0 -1 4.0 1.0 -1 4.0
a 34 33 1.0 4.0 -1 -1 -1 -1 -1 1.0 1.0 -1
a 241 155 4.0 4.0 1.0 1.0 3.0 1.0 4.0 -1 -1 3.0
a 241 53 4.0 4.0 -1 1.0 3.0 4.0 -1 -1 -1 -1
a 244 35 1.0 -1 -1 1.0 4.0 -1 4.0 1.0 1.0 4.0
a 35 56 -1 3.0 -1 -1 3.0 -1 -1 -1 1.0 3.0
a 245 37 -1 3.0 2.0 1.0 -1 4.0 -1 -1 1.0 4.0
a 36 32 4.0 3.0 1.0 -1 -1 -1 4.0 1.0 1.0 4.0
a 36 246 -1 4.0 -1 -1 3.0 4.0 -1 1.0 1.0 -1
a 37 95 -1 4.0 1.0 -1 4.0 1.0 -1 1.0 -1 -1
a 37 128 4.0 4.0 2.0 1.0 4.0 4.0 -1 -1 2.0 -1
a 37 127 -1 3.0 1.0 1.0 -1 -1 4.0 1.0 1.0 4.0
a 248 34 -1 4.0 1.0 -1 3.0 -1 4.0 -1 1.0 -1
a 38 251 1.0 4.0 1.0 1.0 4.0 1.0 3.0 2.0 -1 -1
a 39 38 4.0 3.0 2.0 1.0 3.0 4.0 -1 1.0 1.0 4.0
a 39 55 1.0 3.0 2.0 2.0 -1 -1 -1 2.0 1.0 4.0
a 249 40 1.0 -1 1.0 1.0 4.0 4.0 4.0 2.0 -1 -1
a 249 42 -1 4.0 1.0 -1 4.0 4.0 4.0 1.0 -1 4.0
a 40 46 4.0 -1 1.0 1.0 3.0 -1 -1 1.0 1.0 -1
a 40 47 -1 4.0 1.0 -1 -1 4.0 -1 -1 -1 4.0
a 41 42 1.0 4.0 -1 1.0 -1 -1 4.0 -1 1.0 3.0
a 41 43 -1 3.0 1.0 -1 4.0 -1 4.0 -1 2.0 4.0
a 250 41 4.0 4.0 2.0 1.0 -1 4.0 4.0 -1 1.0 4.0
a 42 54 4.0 4.0 1.0 1.0 4.0 -1 4.0 -1 -1 4.0
a 43 242 4.0 4.0 -1 1.0 4.0 4.0 -1 -1 2.0 4.0
a 44 45 1.0 3.0 1.0 2.0 3.0 -1 4.0 1.0 2.0 -1
a 44 251 -1 4.0 -1 1.0 4.0 1.0 3.0 -1 2.0 4.0
a 45 48 1.0 3.0 -1 1.0 4.0 -1 4.0 -1 1.0 3.0
a 46 189 -1 3.0 1.0 2.0 4.0 -1 4.0 -1 -1 4.0
a 46 71 4.0 -1 1.0 2.0 4.0 1.0 -1 -1 -1 3.0
a 47 48 4.0 4.0 -1 2.0 4.0 1.0 -1 -1 -1 -1
a 48 231 -1 4.0 1.0 -1 4.0 1.0 4.0 -1 1.0 -1
a 49 65 -1 4.0 1.0 -1 -1 -1 4.0 1.0 -1 -1
a 49 31 4.0 -1 1.0 -1 4.0 -1 -1 1.0 1.0 4.0
a 50 230 -1 3.0 1.0 -1 4.0 4.0 -1 -1 1.0 4.0
a 51 52 -1 -1 1.0 -1 -1 -1 4.0 -1 1.0 4.0
a 52 233 1.0 4.0 1.0 1.0 4.0 1.0 3.0 1.0 -1 4.0
a 252 53 1.0 3.0 1.0 1.0 -1 -1 -1 1.0 2.0 -1
a 252 56 4.0 4.0 -1 -1 -1 1.0 4.0 1.0 1.0 -1
a 53 44 4.0 -1 -1 2.0 4.0 1.0 4.0 1.0 1.0 -1
a 253 87 -1 3.0 2.0 -1 4.0 -1 -1 1.0 2.0 3.0
a 54 243 -1 4.0 -1 2.0 4.0 -1 -1 1.0 -1 -1
a 55 43 -1 3.0 -1 1.0 4.0 -1 4.0 1.0 1.0 4.0
a 55 54 -1 -1 1.0 -1 4.0 -1 -1 1.0 2.0 4.0
a 56 57 -1 -1 2.0 -1 -1 -1 -1 1.0 1.0 -1
a 57 189 1.0 4.0 1.0 1.0 -1 1.0 -1 1.0 2.0 -1
a 57 45 -1 -1 1.0 -1 4.0 -1 -1 2.0 2.0 4.0
a 58 186 -1 4.0 2.0 -1 4.0 4.0 -1 1.0 -1 4.0
a 58 59 4.0 3.0 1.0 -1 -1 4.0 3.0 -1 1.0 4.0
a 58 172 -1 4.0 1.0 1.0 3.0 -1 4.0 1.0 1.0 3.0
a 59 60 1.0 4.0 1.0 -1 -1 -1 -1 1.0 1.0 4.0
a 59 190 4.0 4.0 2.0 -1 4.0 -1 4.0 1.0 1.0 4.0
a 59 58 -1 4.0 1.0 1.0 4.0 1.0 3.0 1.0 1.0 3.0
a 60 178 -1 4.0 2.0 -1 -1 -1 3.0 1.0 1.0 4.0
a 60 61 -1 4.0 1.0 1.0 -1 4.0 4.0 1.0 1.0 3.0
a 61 225 4.0 -1 1.0 -1 3.0 -1 -1 2.0 2.0 4.0
a 62 58 4.0 4.0 2.0 -1 -1 1.0 -1 1.0 1.0 -1
a 63 210 -1 -1 1.0 -1 -1 4.0 -1 1.0 2.0 -1
a 63 62 4.0 4.0 1.0 2.0 4.0 -1 -1 1.0 1.0 4.0
a 64 51 1.0 4.0 -1 1.0 4.0 4.0 -1 -1 1.0 4.0
a 64 65 -1 -1 2.0 1.0 4.0 4.0 -1 -1 -1 3.0
a 65 222 -1 4.0 -1 1.0 4.0 1.0 4.0 -1 -1 3.0
a 66 69 1.0 4.0 1.0 -1 3.0 1.0 -1 1.0 2.0 3.0
a 255 66 4.0 3.0 -1 1.0 4.0 4.0 3.0 -1 2.0 4.0
a 255 67 1.0 4.0 -1 1.0 -1 1.0 3.0 1.0 -1 3.0
a 67 50 -1 -1 1.0 -1 4.0 1.0 -1 2.0 -1 4.0
a 68 277 -1 -1 -1 2.0 4.0 1.0 -1 1.0 1.0 -1
a 69 68 -1 -1 1.0 1.0 4.0 4.0 4.0 1.0 1.0 4.0
a 69 70 -1 4.0 1.0 2.0 4.0 -1 -1 1.0 -1 4.0
a 70 175 1.0 4.0 1.0 1.0 -1 -1 -1 1.0 1.0 4.0
a 71 184 -1 4.0 1.0 1.0 4.0 4.0 4.0 1.0 -1 3.0
a 71 161 -1 4.0 1.0 -1 4.0 1.0 4.0 -1 1.0 4.0
a 71 159 -1 4.0 1.0 1.0 -1 1.0 3.0 1.0 2.0 4.0
a 256 164 -1 4.0 1.0 1.0 -1 1.0 4.0 1.0 1.0 -1
a 72 153 1.0 -1 1.0 1.0 4.0 -1 4.0 1.0 -1 4.0
a 72 73 1.0 -1 1.0 1.0 -1 -1 -1 1.0 -1 -1
a 73 72 4.0 -1 -1 -1 4.0 1.0 -1 2.0 -1 4.0
a 73 74 -1 -1 2.0 1.0 4.0 -1 -1 -1 2.0 -1
a 73 17 1.0 4.0 -1 -1 -1 4.0 -1 1.0 1.0 -1
a 74 156 4.0 4.0 2.0 -1 -1 1.0 -1 1.0 1.0 -1
a 74 73 -1 4.0 -1 1.0 4.0 -1 4.0 -1 1.0 3.0
a 74 166 1.0 4.0 2.0 -1 3.0 4.0 -1 1.0 2.0 4.0
a 74 75 -1 -1 -1 1.0 4.0 -1 3.0 -1 -1 -1
a 75 161 -1 3.0 -1 -1 -1 1.0 4.0 1.0 -1 -1
a 75 74 1.0 3.0 1.0 1.0 4.0 -1 -1 1.0 -1 -1
a 75 81 -1 3.0 1.0 -1 4.0 1.0 4.0 1.0 1.0 4.0
a 76 133 4.0 3.0 1.0 1.0 4.0 -1 3.0 1.0 1.0 4.0
a 76 77 1.0 3.0 1.0 -1 -1 4.0 4.0 1.0 1.0 -1
a 76 121 1.0 4.0 1.0 1.0 3.0 4.0 -1 -1 1.0 -1
a 77 76 1.0 -1 1.0 -1 -1 1.0 3.0 1.0 -1 4.0
a 77 78 1.0 3.0 -1 1.0 4.0 1.0 -1 1.0 -1 -1
a 77 13 1.0 3.0 -1 1.0 -1 4.0 4.0 1.0 1.0 4.0
a 77 15 -1 4.0 -1 -1 4.0 -1 4.0 1.0 2.0 -1
a 78 216 1.0 4.0 1.0 1.0 -1 4.0 4.0 1.0 1.0 3.0
a 78 77 -1 -1 2.0 -1 -1 1.0 -1 1.0 -1 4.0
a 78 83 -1 4.0 2.0 1.0 -1 4.0 3.0 2.0 -1 4.0
a 78 84 -1 -1 1.0 -1 4.0 1.0 -1 1.0 1.0 4.0
a 79 155 4.0 3.0 1.0 2.0 3.0 -1 -1 -1 2.0 4.0
a 79 128 4.0 3.0 -1 -1 4.0 4.0 3.0 2.0 2.0 4.0
a 79 80 4.0 -1 2.0 1.0 -1 -1 4.0 1.0 -1 4.0
a 80 79 -1 4.0 -1 1.0 3.0 4.0 -1 1.0 2.0 4.0
a 80 81 1.0 3.0 -1 1.0 4.0 1.0 -1 2.0 1.0 4.0
a 80 23 1.0 -1 2.0 1.0 3.0 -1 4.0 2.0 -1 -1
a 81 156 -1 3.0 1.0 1.0 3.0 1.0 4.0 -1 1.0 4.0
a 81 129 1.0 -1 -1 2.0 4.0 -1 3.0 2.0 2.0 4.0
a 81 75 -1 4.0 1.0 1.0 -1 -1 -1 1.0 1.0 4.0
a 81 80 4.0 4.0 2.0 1.0 4.0 4.0 4.0 -1 -1 4.0
a 82 162 -1 4.0 2.0 -1 4.0 -1 3.0 -1 1.0 4.0
a 82 83 1.0 4.0 1.0 -1 -1 -1 3.0 1.0 2.0 4.0
a 82 157 4.0 -1 -1 1.0 3.0 -1 4.0 -1 1.0 4.0
a 83 78 1.0 -1 -1 1.0 4.0 -1 4.0 -1 -1 -1
a 83 82 4.0 -1 1.0 1.0 -1 4.0 4.0 2.0 1.0 3.0
a 83 15 4.0 -1 2.0 1.0 -1 -1 4.0 1.0 1.0 4.0
a 84 78 4.0 -1 1.0 1.0 4.0 1.0 4.0 2.0 1.0 4.0
a 84 85 4.0 3.0 1.0 1.0 3.0 -1 3.0 1.0 1.0 3.0
a 84 13 -1 -1 -1 -1 4.0 -1 4.0 -1 1.0 4.0
a 85 227 -1 3.0 1.0 1.0 -1 4.0 -1 1.0 2.0 4.0
a 85 84 -1 4.0 2.0 -1 4.0 -1 3.0 -1 1.0 4.0
a 85 172 4.0 3.0 1.0 1.0 4.0 -1 4.0 1.0 1.0 4.0
a 85 134 1.0 4.0 -1 1.0 4.0 4.0 3.0 1.0 1.0 -1
a 86 87 -1 4.0 -1 -1 -1 -1 4.0 2.0 1.0 -1
a 86 88 4.0 -1 1.0 -1 -1 -1 -1 1.0 2.0 3.0
a 86 24 1.0 4.0 -1 2.0 4.0 1.0 -1 -1 2.0 4.0
a 87 86 -1 4.0 1.0 1.0 4.0 -1 -1 1.0 -1 4.0
a 87 95 -1 -1 -1 -1 4.0 -1 4.0 2.0 1.0 4.0
a 88 34 -1 4.0 -1 -1 4.0 1.0 4.0 1.0 1.0 3.0
a 88 86 4.0 4.0 2.0 1.0 3.0 -1 3.0 -1 -1 -1
a 88 92 1.0 4.0 1.0 -1 -1 1.0 4.0 2.0 1.0 4.0
a 88 89 -1 -1 1.0 -1 3.0 4.0 4.0 -1 1.0 4.0
a 89 235 1.0 4.0 -1 2.0 3.0 1.0 -1 -1 1.0 3.0
a 89 88 -1 4.0 1.0 1.0 4.0 1.0 4.0 -1 -1 4.0
a 89 90 -1 4.0 1.0 2.0 -1 1.0 -1 2.0 2.0 -1
a 90 91 1.0 4.0 -1 -1 -1 1.0 4.0 1.0 -1 -1
a 90 89 1.0 4.0 -1 2.0 -1 1.0 4.0 1.0 1.0 -1
a 90 105 -1 -1 1.0 1.0 -1 1.0 4.0 1.0 1.0 3.0
a 90 25 -1 3.0 1.0 1.0 4.0 1.0 4.0 -1 -1 4.0
a 91 90 1.0 4.0 1.0 1.0 4.0 1.0 -1 -1 1.0 3.0
a 91 98 1.0 4.0 1.0 1.0 4.0 1.0 4.0 1.0 -1 4.0
a 91 93 -1 4.0 1.0 -1 -1 4.0 4.0 -1 1.0 3.0
a 92 91 4.0 -1 -1 -1 -1 -1 4.0 1.0 1.0 4.0
a 92 24 4.0 4.0 2.0 2.0 4.0 1.0 -1 1.0 -1 -1
a 93 94 -1 -1 -1 -1 3.0 1.0 4.0 1.0 1.0 4.0
a 93 91 1.0 -1 2.0 -1 3.0 -1 4.0 -1 -1 -1
a 93 24 -1 -1 1.0 1.0 -1 1.0 4.0 2.0 1.0 -1
a 94 97 4.0 4.0 1.0 -1 -1 -1 -1 1.0 1.0 -1
a 94 93 -1 -1 2.0 1.0 4.0 -1 -1 -1 1.0 4.0
a 94 96 -1 4.0 1.0 1.0 -1 -1 -1 -1 2.0 4.0
a 94 99 -1 3.0 1.0 1.0 4.0 1.0 3.0 -1 -1 4.0
a 95 247 1.0 4.0 2.0 1.0 -1 4.0 4.0 1.0 2.0 -1
a 95 37 -1 3.0 -1 -1 -1 4.0 -1 1.0 1.0 4.0
a 95 87 -1 4.0 1.0 2.0 4.0 4.0 -1 1.0 1.0 3.0
a 95 97 -1 4.0 1.0 1.0 4.0 4.0 4.0 1.0 1.0 4.0
a 96 87 -1 4.0 -1 2.0 3.0 -1 4.0 1.0 1.0 -1
a 96 24 1.0 -1 2.0 2.0 3.0 4.0 -1 1.0 2.0 4.0
a 97 95 4.0 4.0 2.0 1.0 4.0 -1 3.0 1.0 -1 4.0
a 97 100 -1 -1 -1 1.0 4.0 -1 -1 1.0 2.0 4.0
a 97 104 1.0 4.0 -1 1.0 3.0 -1 4.0 1.0 -1 4.0
a 97 94 4.0 4.0 2.0 -1 4.0 -1 4.0 1.0 -1 -1
a 98 91 4.0 -1 1.0 1.0 4.0 -1 4.0 1.0 -1 4.0
a 98 99 1.0 -1 1.0 -1 4.0 -1 4.0 -1 1.0 4.0
a 98 106 -1 4.0 1.0 1.0 4.0 -1 4.0 1.0 1.0 -1
a 98 112 -1 4.0 1.0 -1 -1 -1 -1 2.0 -1 3.0
a 99 94 4.0 4.0 2.0 2.0 4.0 1.0 4.0 1.0 1.0 4.0
a 99 98 1.0 4.0 1.0 2.0 -1 1.0 3.0 2.0 -1 4.0
a 99 100 -1 4.0 1.0 1.0 -1 -1 3.0 2.0 -1 4.0
a 99 102 4.0 3.0 1.0 1.0 -1 4.0 4.0 1.0 1.0 -1
a 100 220 1.0 -1 1.0 1.0 3.0 1.0 3.0 1.0 1.0 4.0
a 100 97 1.0 4.0 2.0 1.0 -1 4.0 4.0 1.0 -1 3.0
a 100 101 1.0 4.0 1.0 1.0 4.0 1.0 -1 2.0 1.0 -1
a 100 99 -1 -1 2.0 2.0 -1 -1 -1 2.0 -1 4.0
a 101 100 1.0 4.0 1.0 1.0 -1 -1 4.0 1.0 1.0 4.0
a 101 104 -1 4.0 1.0 -1 3.0 4.0 -1 1.0 1.0 3.0
a 101 116 4.0 4.0 -1 2.0 3.0 -1 3.0 2.0 1.0 -1
a 101 130 -1 -1 -1 1.0 -1 -1 4.0 -1 1.0 4.0
a 102 103 4.0 -1 1.0 1.0 -1 -1 3.0 -1 1.0 -1
a 102 99 -1 -1 1.0 -1 4.0 4.0 4.0 1.0 -1 -1
a 102 19 -1 -1 2.0 -1 4.0 1.0 4.0 -1 1.0 -1
a 103 102 4.0 4.0 1.0 -1 -1 1.0 4.0 1.0 1.0 3.0
a 103 114 1.0 4.0 2.0 1.0 4.0 1.0 -1 1.0 2.0 -1
a 103 111 -1 4.0 -1 -1 -1 1.0 3.0 -1 2.0 4.0
a 103 115 4.0 4.0 -1 2.0 4.0 -1 4.0 -1 1.0 -1
a 104 97 1.0 3.0 1.0 1.0 4.0 -1 -1 -1 2.0 -1
a 104 101 4.0 4.0 -1 2.0 3.0 -1 4.0 1.0 2.0 -1
a 104 127 -1 -1 2.0 2.0 -1 4.0 4.0 1.0 1.0 -1
a 104 129 1.0 4.0 1.0 2.0 4.0 1.0 -1 -1 1.0 4.0
a 105 90 4.0 4.0 1.0 -1 4.0 -1 4.0 1.0 1.0 4.0
a 105 106 1.0 3.0 -1 -1 -1 1.0 4.0 2.0 2.0 -1
a 105 107 4.0 -1 2.0 -1 4.0 4.0 4.0 1.0 1.0 -1
a 106 98 1.0 4.0 2.0 1.0 4.0 -1 3.0 1.0 1.0 4.0
a 106 105 -1 4.0 1.0 1.0 -1 4.0 4.0 -1 1.0 -1
a 106 22 1.0 4.0 1.0 -1 4.0 4.0 4.0 -1 1.0 4.0
a 107 105 4.0 4.0 1.0 -1 4.0 1.0 4.0 -1 -1 4.0
a 107 108 -1 -1 1.0 1.0 4.0 1.0 4.0 2.0 1.0 -1
a 107 22 -1 3.0 1.0 1.0 4.0 4.0 3.0 2.0 -1 3.0
a 108 107 -1 -1 -1 -1 -1 -1 4.0 -1 1.0 -1
a 108 109 4.0 4.0 1.0 1.0 3.0 -1 4.0 1.0 1.0 4.0
a 108 110 4.0 -1 2.0 1.0 4.0 1.0 4.0 -1 1.0 3.0
a 109 204 1.0 -1 1.0 1.0 -1 1.0 4.0 1.0 1.0 4.0
a 109 108 4.0 4.0 -1 2.0 4.0 4.0 4.0 1.0 1.0 -1
a 109 138 4.0 3.0 1.0 1.0 4.0 4.0 4.0 1.0 1.0 -1
a 109 117 -1 4.0 1.0 1.0 4.0 4.0 4.0 -1 2.0 4.0
a 110 108 1.0 -1 -1 1.0 3.0 -1 3.0 1.0 1.0 4.0
a 110 111 1.0 4.0 1.0 1.0 -1 4.0 -1 1.0 2.0 -1
a 110 22 4.0 4.0 1.0 -1 -1 4.0 3.0 -1 1.0 -1
a 111 103 4.0 3.0 -1 1.0 -1 -1 4.0 1.0 -1 3.0
a 111 110 4.0 -1 1.0 2.0 4.0 1.0 3.0 -1 1.0 4.0
a 111 112 1.0 4.0 -1 -1 3.0 -1 -1 1.0 1.0 4.0
a 111 113 -1 4.0 1.0 2.0 4.0 1.0 4.0 -1 1.0 3.0
a 112 98 -1 4.0 1.0 1.0 4.0 -1 4.0 1.0 -1 3.0
a 112 111 1.0 3.0 1.0 1.0 -1 1.0 4.0 1.0 1.0 -1
a 112 22 -1 4.0 1.0 1.0 -1 4.0 4.0 1.0 1.0 4.0
a 113 204 1.0 -1 1.0 1.0 3.0 1.0 4.0 2.0 1.0 3.0
a 113 111 1.0 3.0 -1 -1 -1 1.0 4.0 1.0 1.0 3.0
a 113 114 4.0 3.0 -1 1.0 3.0 4.0 4.0 1.0 -1 3.0
a 113 119 1.0 3.0 -1 2.0 -1 -1 4.0 -1 1.0 -1
a 114 219 -1 4.0 -1 -1 -1 1.0 -1 1.0 1.0 3.0
a 114 103 -1 4.0 -1 1.0 -1 1.0 4.0 -1 2.0 4.0
a 114 113 4.0 -1 1.0 -1 4.0 4.0 4.0 1.0 2.0 4.0
a 114 125 -1 4.0 -1 -1 4.0 -1 -1 -1 1.0 4.0
a 115 219 -1 -1 -1 2.0 4.0 4.0 3.0 1.0 1.0 4.0
a 115 103 1.0 4.0 1.0 1.0 3.0 4.0 4.0 1.0 1.0 4.0
a 115 220 1.0 4.0 -1 1.0 3.0 -1 4.0 1.0 1.0 4.0
a 115 27 -1 -1 1.0 1.0 3.0 1.0 4.0 -1 -1 -1
a 116 101 -1 3.0 1.0 1.0 4.0 -1 4.0 2.0 1.0 3.0
a 116 27 -1 4.0 -1 2.0 3.0 1.0 4.0 1.0 1.0 3.0
a 116 18 4.0 4.0 1.0 1.0 4.0 4.0 4.0 1.0 1.0 4.0
a 117 109 1.0 3.0 2.0 1.0 4.0 1.0 4.0 -1 -1 -1
a 117 118 1.0 -1 1.0 1.0 -1 -1 -1 1.0 2.0 4.0
a 117 5 -1 4.0 2.0 -1 4.0 1.0 4.0 1.0 1.0 3.0
a 118 137 1.0 4.0 1.0 1.0 3.0 -1 -1 1.0 -1 4.0
a 118 123 4.0 4.0 1.0 -1 4.0 -1 4.0 1.0 -1 3.0
a 118 194 4.0 4.0 -1 1.0 4.0 -1 4.0 1.0 -1 -1
a 118 117 1.0 3.0 1.0 2.0 4.0 1.0 4.0 1.0 2.0 4.0
a 119 113 4.0 4.0 2.0 1.0 -1 -1 -1 1.0 1.0 4.0
a 119 120 -1 3.0 -1 -1 -1 1.0 4.0 -1 1.0 -1
a 119 21 -1 3.0 1.0 1.0 4.0 -1 -1 1.0 1.0 4.0
a 120 215 -1 -1 2.0 1.0 -1 4.0 4.0 -1 1.0 4.0
a 120 124 1.0 4.0 1.0 -1 4.0 1.0 4.0 2.0 -1 -1
a 120 119 -1 -1 1.0 1.0 4.0 1.0 -1 1.0 -1 4.0
a 120 123 -1 -1 1.0 -1 4.0 -1 4.0 -1 -1 -1
a 121 15 4.0 -1 2.0 -1 4.0 -1 -1 1.0 2.0 4.0
a 121 76 -1 -1 -1 2.0 -1 1.0 -1 2.0 1.0 -1
a 121 28 1.0 4.0 1.0 -1 3.0 4.0 4.0 1.0 2.0 4.0
a 121 20 -1 3.0 1.0 1.0 4.0 -1 3.0 -1 1.0 4.0
a 122 162 1.0 -1 1.0 2.0 -1 1.0 4.0 -1 -1 -1
a 122 15 -1 -1 -1 1.0 4.0 4.0 3.0 -1 -1 4.0
a 122 28 -1 -1 1.0 1.0 4.0 -1 4.0 -1 1.0 4.0
a 123 195 1.0 -1 1.0 1.0 4.0 4.0 -1 1.0 1.0 4.0
a 123 118 4.0 -1 1.0 1.0 -1 -1 -1 -1 -1 -1
a 123 203 -1 4.0 -1 1.0 3.0 -1 4.0 2.0 2.0 4.0
a 123 120 -1 4.0 -1 1.0 4.0 -1 -1 1.0 1.0 4.0
a 124 125 4.0 3.0 1.0 1.0 -1 4.0 -1 1.0 2.0 -1
a 124 120 1.0 -1 2.0 1.0 4.0 -1 3.0 1.0 -1 -1
a 124 6 1.0 3.0 1.0 1.0 -1 1.0 3.0 1.0 2.0 4.0
a 125 217 -1 -1 -1 1.0 4.0 1.0 4.0 -1 1.0 3.0
a 125 114 4.0 4.0 -1 2.0 3.0 -1 -1 -1 1.0 -1
a 125 126 4.0 3.0 1.0 -1 4.0 1.0 -1 -1 -1 4.0
a 125 124 4.0 3.0 -1 -1 3.0 4.0 -1 2.0 1.0 4.0
a 126 218 -1 -1 -1 1.0 3.0 -1 4.0 -1 1.0 -1
a 126 125 -1 -1 -1 2.0 3.0 -1 4.0 -1 -1 -1
a 126 133 1.0 4.0 -1 -1 4.0 4.0 4.0 2.0 1.0 -1
a 126 209 1.0 4.0 -1 -1 4.0 -1 -1 -1 1.0 -1
a 127 37 4.0 4.0 -1 -1 -1 4.0 3.0 -1 2.0 3.0
a 127 104 1.0 4.0 1.0 1.0 3.0 4.0 -1 -1 -1 4.0
a 127 23 1.0 3.0 -1 2.0 -1 1.0 3.0 1.0 -1 4.0
a 128 262 1.0 -1 1.0 1.0 4.0 -1 4.0 1.0 2.0 -1
a 128 37 -1 -1 1.0 1.0 -1 4.0 -1 -1 -1 -1
a 128 79 -1 3.0 -1 -1 -1 -1 -1 2.0 2.0 4.0
a 128 23 4.0 4.0 1.0 1.0 -1 4.0 -1 -1 1.0 -1
a 129 104 1.0 3.0 1.0 -1 4.0 4.0 3.0 1.0 1.0 4.0
a 129 81 -1 3.0 -1 -1 4.0 4.0 3.0 1.0 2.0 3.0
a 129 23 4.0 4.0 1.0 1.0 3.0 -1 4.0 1.0 1.0 4.0
a 130 161 1.0 4.0 2.0 2.0 4.0 -1 4.0 1.0 2.0 4.0
a 130 101 4.0 4.0 2.0 1.0 4.0 -1 -1 -1 -1 -1
a 130 18 -1 4.0 1.0 1.0 4.0 -1 3.0 -1 1.0 4.0
a 257 152 -1 4.0 -1 -1 4.0 4.0 4.0 1.0 1.0 4.0
a 131 258 -1 4.0 -1 1.0 3.0 4.0 3.0 1.0 1.0 4.0
a 131 132 -1 4.0 1.0 1.0 4.0 -1 -1 1.0 -1 -1
a 131 11 1.0 -1 2.0 2.0 4.0 1.0 4.0 -1 2.0 -1
a 132 163 -1 4.0 1.0 -1 4.0 -1 4.0 -1 -1 3.0
a 132 131 4.0 4.0 -1 -1 4.0 1.0 4.0 -1 -1 4.0
a 132 167 1.0 3.0 1.0 -1 4.0 -1 4.0 1.0 1.0 -1
a 132 216 1.0 3.0 1.0 -1 4.0 4.0 -1 1.0 -1 4.0
a 258 131 4.0 4.0 1.0 2.0 -1 1.0 -1 2.0 2.0 -1
a 133 126 -1 -1 -1 -1 -1 1.0 -1 1.0 1.0 4.0
a 133 200 4.0 -1 1.0 1.0 4.0 -1 4.0 -1 1.0 4.0
a 133 134 -1 -1 1.0 1.0 4.0 -1 4.0 1.0 -1 -1
a 133 76 4.0 4.0 1.0 1.0 -1 1.0 4.0 -1 -1 -1
a 134 133 -1 3.0 -1 -1 4.0 4.0 4.0 1.0 1.0 4.0
a 134 14 1.0 -1 1.0 -1 4.0 -1 -1 -1 1.0 -1
a 134 85 -1 4.0 1.0 1.0 -1 -1 -1 2.0 2.0 -1
a 134 13 4.0 -1 1.0 1.0 -1 1.0 -1 1.0 2.0 -1
a 259 135 1.0 4.0 1.0 1.0 -1 -1 4.0 2.0 1.0 4.0
a 135 260 -1 -1 -1 2.0 -1 4.0 -1 2.0 2.0 4.0
a 135 259 -1 3.0 -1 2.0 4.0 1.0 -1 -1 1.0 3.0
a 135 136 -1 4.0 2.0 1.0 3.0 1.0 -1 2.0 -1 4.0
a 260 135 4.0 -1 1.0 1.0 -1 4.0 4.0 -1 2.0 4.0
a 261 138 1.0 -1 -1 -1 -1 4.0 4.0 -1 -1 4.0
a 136 137 -1 -1 1.0 -1 -1 -1 -1 2.0 1.0 4.0
a 136 135 4.0 4.0 1.0 -1 4.0 1.0 4.0 2.0 1.0 4.0
a 136 26 1.0 4.0 2.0 -1 -1 4.0 4.0 -1 1.0 3.0
a 137 118 4.0 4.0 -1 2.0 4.0 1.0 4.0 -1 2.0 -1
a 137 136 -1 -1 1.0 1.0 4.0 4.0 3.0 1.0 2.0 4.0
a 137 5 4.0 4.0 1.0 -1 4.0 1.0 4.0 -1 2.0 3.0
a 137 4 -1 -1 2.0 1.0 -1 1.0 -1 1.0 -1 -1
a 138 261 -1 -1 1.0 1.0 4.0 1.0 -1 2.0 1.0 -1
a 138 109 -1 4.0 1.0 -1 -1 4.0 4.0 1.0 1.0 4.0
a 138 5 -1 3.0 1.0 -1 -1 1.0 -1 -1 1.0 4.0
a 138 25 1.0 -1 1.0 1.0 -1 -1 -1 1.0 1.0 -1
a 263 153 1.0 4.0 1.0 2.0 -1 -1 4.0 1.0 -1 4.0
a 264 175 1.0 -1 -1 1.0 -1 -1 -1 2.0 1.0 3.0
a 139 229 4.0 4.0 -1 1.0 -1 -1 4.0 1.0 2.0 3.0
a 139 272 1.0 3.0 1.0 -1 4.0 -1 4.0 1.0 -1 3.0
a 265 151 -1 4.0 1.0 1.0 -1 -1 4.0 -1 -1 4.0
a 266 150 -1 -1 1.0 -1 -1 -1 3.0 1.0 -1 -1
a 140 141 -1 4.0 1.0 1.0 4.0 4.0 4.0 -1 -1 4.0
a 140 142 -1 4.0 1.0 2.0 4.0 1.0 4.0 1.0 2.0 4.0
a 140 1 -1 3.0 1.0 1.0 -1 -1 4.0 -1 1.0 -1
a 141 143 -1 4.0 2.0 2.0 -1 4.0 -1 2.0 1.0 3.0
a 141 269 4.0 -1 2.0 1.0 4.0 1.0 4.0 1.0 2.0 3.0
a 141 140 -1 4.0 2.0 1.0 -1 4.0 -1 -1 -1 4.0
a 142 140 1.0 4.0 -1 1.0 -1 -1 4.0 1.0 1.0 3.0
a 142 2 1.0 4.0 -1 1.0 -1 1.0 4.0 1.0 1.0 3.0
a 142 267 -1 4.0 -1 1.0 3.0 -1 -1 2.0 -1 4.0
a 267 144 4.0 -1 1.0 -1 4.0 -1 3.0 1.0 1.0 4.0
a 267 142 4.0 4.0 1.0 1.0 4.0 -1 4.0 2.0 1.0 4.0
a 143 141 4.0 -1 -1 -1 -1 1.0 -1 1.0 2.0 4.0
a 143 146 -1 4.0 1.0 -1 4.0 -1 -1 1.0 1.0 3.0
a 143 145 4.0 4.0 1.0 1.0 -1 4.0 4.0 2.0 2.0 4.0
a 143 147 -1 4.0 1.0 -1 4.0 1.0 4.0 1.0 -1 -1
a 144 192 1.0 -1 -1 1.0 -1 -1 4.0 1.0 -1 3.0
a 144 267 1.0 4.0 2.0 1.0 4.0 -1 3.0 1.0 2.0 4.0
a 144 2 4.0 4.0 -1 1.0 4.0 -1 -1 2.0 -1 3.0
a 144 3 4.0 -1 1.0 2.0 4.0 4.0 4.0 -1 2.0 4.0
a 145 191 -1 -1 1.0 2.0 4.0 1.0 3.0 -1 1.0 -1
a 145 143 4.0 3.0 1.0 -1 -1 -1 -1 2.0 -1 4.0
a 145 1 -1 -1 1.0 1.0 4.0 4.0 3.0 1.0 1.0 4.0
a 146 149 1.0 -1 1.0 1.0 3.0 1.0 3.0 -1 1.0 -1
a 146 143 -1 -1 2.0 1.0 -1 1.0 4.0 1.0 2.0 4.0
a 146 7 -1 4.0 1.0 -1 -1 -1 4.0 1.0 -1 4.0
a 147 199 -1 4.0 -1 2.0 4.0 4.0 4.0 -1 1.0 -1
a 147 143 4.0 4.0 1.0 1.0 4.0 4.0 3.0 1.0 -1 4.0
a 147 7 -1 4.0 1.0 2.0 3.0 4.0 3.0 1.0 1.0 4.0
a 148 187 4.0 -1 1.0 -1 3.0 4.0 3.0 -1 1.0 -1
a 148 177 1.0 4.0 -1 1.0 3.0 -1 3.0 2.0 1.0 4.0
a 148 7 -1 4.0 1.0 1.0 4.0 1.0 4.0 2.0 2.0 3.0
a 148 8 4.0 3.0 1.0 1.0 4.0 4.0 3.0 2.0 2.0 -1
a 268 150 4.0 -1 1.0 1.0 3.0 1.0 4.0 1.0 2.0 -1
a 269 141 -1 -1 -1 -1 4.0 -1 -1 1.0 1.0 3.0
a 149 269 1.0 3.0 -1 2.0 4.0 4.0 4.0 1.0 -1 -1
a 149 146 -1 -1 -1 -1 -1 4.0 4.0 1.0 2.0 -1
a 149 150 -1 3.0 1.0 1.0 4.0 -1 4.0 1.0 -1 3.0
a 150 266 4.0 -1 1.0 2.0 -1 4.0 4.0 1.0 1.0 -1
a 150 149 -1 -1 2.0 -1 4.0 -1 4.0 1.0 -1 -1
a 150 183 1.0 4.0 1.0 1.0 -1 4.0 4.0 1.0 1.0 4.0
a 151 265 -1 -1 -1 1.0 -1 -1 4.0 -1 -1 4.0
a 151 176 1.0 4.0 -1 -1 -1 4.0 4.0 -1 2.0 -1
a 151 177 1.0 -1 2.0 -1 3.0 4.0 4.0 1.0 1.0 4.0
a 270 155 -1 -1 -1 1.0 -1 -1 4.0 1.0 1.0 -1
a 152 257 -1 4.0 -1 1.0 -1 1.0 -1 -1 1.0 3.0
a 152 154 -1 4.0 2.0 -1 4.0 4.0 3.0 -1 -1 4.0
a 152 270 -1 -1 -1 2.0 4.0 4.0 4.0 2.0 -1 4.0
a 153 263 1.0 -1 -1 1.0 3.0 4.0 3.0 1.0 1.0 -1
a 153 152 -1 4.0 -1 1.0 4.0 -1 -1 -1 1.0 -1
a 153 72 1.0 4.0 2.0 -1 -1 4.0 4.0 1.0 -1 -1
a 154 156 4.0 3.0 1.0 2.0 3.0 -1 3.0 2.0 -1 3.0
a 154 152 1.0 4.0 -1 1.0 3.0 -1 4.0 1.0 -1 4.0
a 154 72 -1 4.0 1.0 2.0 4.0 4.0 -1 -1 2.0 -1
a 155 270 -1 3.0 1.0 1.0 -1 -1 4.0 1.0 1.0 3.0
a 155 154 4.0 -1 1.0 1.0 4.0 -1 4.0 1.0 -1 -1
a 155 79 -1 4.0 1.0 1.0 4.0 1.0 3.0 -1 2.0 4.0
a 156 154 1.0 4.0 1.0 2.0 4.0 1.0 4.0 1.0 -1 4.0
a 156 74 4.0 4.0 2.0 1.0 4.0 -1 4.0 -1 1.0 4.0
a 156 81 -1 -1 1.0 -1 4.0 -1 -1 2.0 -1 -1
a 157 160 -1 4.0 1.0 -1 -1 -1 -1 1.0 2.0 -1
a 157 185 1.0 4.0 -1 -1 -1 1.0 4.0 -1 1.0 4.0
a 157 82 4.0 4.0 -1 1.0 -1 -1 3.0 1.0 -1 4.0
a 157 158 -1 4.0 1.0 -1 -1 4.0 -1 -1 1.0 3.0
a 158 228 4.0 4.0 -1 1.0 -1 4.0 -1 1.0 1.0 4.0
a 158 157 -1 3.0 -1 1.0 3.0 4.0 4.0 -1 -1 3.0
a 158 16 1.0 3.0 1.0 1.0 4.0 1.0 -1 1.0 1.0 4.0
a 159 228 -1 4.0 1.0 1.0 -1 -1 3.0 1.0 1.0 3.0
a 159 71 -1 4.0 1.0 -1 4.0 -1 4.0 -1 1.0 4.0
a 159 162 -1 4.0 1.0 -1 -1 -1 4.0 1.0 1.0 3.0
a 160 157 -1 -1 2.0 1.0 4.0 -1 4.0 1.0 -1 3.0
a 160 16 -1 -1 -1 2.0 -1 4.0 -1 1.0 -1 4.0
a 160 12 -1 4.0 -1 -1 4.0 -1 4.0 1.0 2.0 4.0
a 160 164 -1 4.0 2.0 2.0 4.0 -1 4.0 2.0 1.0 4.0
a 161 130 -1 4.0 1.0 1.0 4.0 1.0 4.0 -1 -1 -1
a 161 71 4.0 4.0 -1 -1 3.0 -1 4.0 -1 -1 -1
a 161 75 -1 -1 2.0 1.0 3.0 -1 -1 1.0 -1 4.0
a 162 159 -1 -1 1.0 -1 3.0 -1 -1 -1 2.0 4.0
a 162 122 -1 3.0 1.0 -1 -1 1.0 4.0 1.0 2.0 3.0
a 162 82 -1 -1 1.0 -1 4.0 4.0 4.0 1.0 1.0 4.0
a 271 11 1.0 -1 -1 1.0 4.0 -1 3.0 1.0 1.0 3.0
a 163 273 1.0 -1 2.0 1.0 4.0 -1 -1 1.0 1.0 -1
a 163 132 4.0 -1 1.0 -1 4.0 1.0 4.0 1.0 1.0 4.0
a 163 10 1.0 4.0 2.0 -1 -1 -1 4.0 1.0 -1 -1
a 163 11 -1 3.0 -1 1.0 4.0 -1 4.0 -1 1.0 4.0
a 273 163 1.0 4.0 1.0 1.0 4.0 -1 4.0 1.0 2.0 3.0
a 273 174 -1 4.0 2.0 1.0 4.0 4.0 -1 -1 1.0 4.0
a 164 165 -1 4.0 1.0 -1 -1 4.0 3.0 -1 1.0 4.0
a 164 169 4.0 -1 -1 1.0 -1 4.0 4.0 -1 1.0 -1
a 164 160 -1 4.0 1.0 1.0 3.0 1.0 4.0 -1 1.0 3.0
a 164 256 -1 4.0 -1 1.0 -1 1.0 4.0 1.0 1.0 4.0
a 165 164 4.0 3.0 -1 1.0 4.0 4.0 -1 -1 -1 4.0
a 165 167 1.0 3.0 1.0 1.0 4.0 -1 4.0 1.0 -1 -1
a 165 12 -1 -1 -1 -1 4.0 -1 -1 -1 1.0 4.0
a 166 188 -1 4.0 1.0 -1 3.0 -1 -1 1.0 1.0 4.0
a 166 74 4.0 3.0 1.0 -1 4.0 -1 3.0 1.0 -1 3.0
a 166 17 4.0 -1 1.0 2.0 3.0 -1 4.0 -1 1.0 4.0
a 167 132 -1 4.0 2.0 1.0 3.0 -1 -1 -1 1.0 4.0
a 167 168 4.0 4.0 1.0 1.0 4.0 4.0 -1 2.0 1.0 4.0
a 167 165 -1 -1 2.0 -1 3.0 -1 4.0 2.0 -1 3.0
a 168 185 1.0 4.0 -1 1.0 4.0 -1 -1 1.0 -1 4.0
a 168 167 -1 4.0 1.0 1.0 4.0 4.0 4.0 1.0 1.0 -1
a 168 12 -1 4.0 -1 -1 3.0 -1 -1 1.0 2.0 -1
a 169 188 -1 4.0 2.0 -1 3.0 -1 -1 1.0 2.0 4.0
a 169 164 -1 -1 1.0 2.0 4.0 -1 3.0 1.0 1.0 4.0
a 169 16 4.0 4.0 1.0 1.0 4.0 -1 -1 1.0 -1 4.0
a 170 227 4.0 4.0 1.0 -1 3.0 -1 4.0 2.0 1.0 -1
a 170 180 -1 3.0 1.0 2.0 4.0 -1 4.0 2.0 2.0 -1
a 170 9 -1 4.0 1.0 1.0 4.0 -1 4.0 1.0 2.0 -1
a 170 10 -1 -1 2.0 1.0 4.0 4.0 3.0 2.0 -1 -1
a 171 179 -1 3.0 1.0 1.0 -1 -1 -1 2.0 1.0 4.0
a 171 62 -1 -1 -1 2.0 -1 -1 3.0 -1 1.0 3.0
a 171 9 -1 4.0 2.0 -1 -1 4.0 4.0 -1 -1 -1
a 172 190 4.0 -1 1.0 -1 -1 1.0 3.0 -1 1.0 4.0
a 172 58 -1 -1 1.0 -1 -1 4.0 4.0 -1 -1 3.0
a 172 85 1.0 -1 -1 2.0 -1 -1 4.0 -1 -1 3.0
a 172 14 1.0 4.0 -1 1.0 3.0 -1 4.0 1.0 -1 -1
a 173 180 1.0 4.0 1.0 1.0 -1 1.0 3.0 1.0 1.0 4.0
a 173 181 1.0 4.0 1.0 1.0 4.0 4.0 -1 1.0 -1 4.0
a 174 173 -1 4.0 1.0 -1 3.0 1.0 -1 -1 1.0 4.0
a 174 182 1.0 -1 1.0 2.0 3.0 4.0 4.0 -1 1.0 -1
a 175 264 -1 3.0 1.0 1.0 4.0 1.0 3.0 -1 1.0 4.0
a 175 139 1.0 -1 1.0 -1 4.0 4.0 3.0 -1 -1 3.0
a 175 182 1.0 -1 -1 2.0 3.0 -1 -1 2.0 -1 4.0
a 176 254 -1 4.0 1.0 2.0 -1 -1 4.0 1.0 1.0 3.0
a 176 70 -1 4.0 2.0 1.0 -1 -1 4.0 -1 1.0 -1
a 177 148 -1 4.0 2.0 1.0 4.0 1.0 3.0 -1 1.0 -1
a 177 151 1.0 -1 -1 -1 4.0 1.0 -1 -1 -1 4.0
a 177 30 4.0 3.0 1.0 1.0 4.0 1.0 -1 1.0 -1 4.0
a 178 177 1.0 3.0 -1 2.0 3.0 1.0 -1 2.0 1.0 4.0
a 178 179 -1 -1 1.0 2.0 -1 -1 3.0 1.0 1.0 -1
a 179 171 -1 4.0 -1 -1 4.0 1.0 4.0 1.0 1.0 -1
a 179 180 -1 -1 -1 1.0 3.0 4.0 3.0 1.0 -1 4.0
a 179 178 1.0 4.0 2.0 1.0 4.0 -1 3.0 1.0 -1 4.0
a 179 181 -1 4.0 1.0 1.0 3.0 -1 -1 -1 1.0 -1
a 180 170 -1 3.0 1.0 -1 4.0 1.0 4.0 1.0 -1 3.0
a 180 179 -1 -1 1.0 1.0 4.0 4.0 -1 1.0 1.0 3.0
a 180 173 -1 -1 -1 1.0 -1 -1 -1 1.0 1.0 4.0
a 181 182 4.0 -1 1.0 2.0 -1 -1 4.0 1.0 -1 -1
a 181 173 -1 -1 1.0 2.0 4.0 -1 4.0 1.0 2.0 -1
a 181 179 -1 -1 1.0 2.0 4.0 -1 -1 1.0 -1 4.0
a 182 64 4.0 3.0 1.0 1.0 -1 -1 -1 1.0 1.0 4.0
a 182 181 4.0 4.0 1.0 1.0 4.0 4.0 4.0 1.0 1.0 3.0
a 182 175 -1 -1 1.0 -1 4.0 4.0 -1 -1 1.0 4.0
a 183 151 4.0 -1 1.0 2.0 4.0 1.0 4.0 1.0 1.0 -1
a 183 67 1.0 -1 2.0 1.0 4.0 -1 -1 -1 -1 4.0
a 183 150 -1 -1 2.0 1.0 -1 -1 3.0 -1 1.0 4.0
a 184 71 4.0 -1 -1 1.0 -1 1.0 -1 1.0 1.0 4.0
a 184 27 -1 3.0 2.0 -1 4.0 4.0 -1 1.0 2.0 4.0
a 184 18 4.0 4.0 2.0 1.0 -1 -1 -1 -1 1.0 4.0
a 185 216 -1 3.0 -1 -1 4.0 -1 3.0 -1 -1 4.0
a 185 168 -1 4.0 -1 1.0 4.0 -1 -1 -1 1.0 4.0
a 185 157 -1 4.0 -1 1.0 -1 -1 3.0 1.0 1.0 -1
a 186 227 1.0 4.0 1.0 2.0 -1 -1 4.0 1.0 2.0 4.0
a 186 58 4.0 -1 1.0 1.0 4.0 -1 4.0 -1 1.0 4.0
a 186 9 -1 3.0 1.0 -1 -1 -1 -1 1.0 -1 -1
a 274 206 1.0 4.0 -1 -1 4.0 -1 -1 1.0 -1 -1
a 187 190 -1 -1 1.0 1.0 -1 -1 -1 1.0 1.0 4.0
a 187 148 1.0 4.0 2.0 -1 4.0 1.0 4.0 -1 -1 3.0
a 187 202 4.0 -1 1.0 1.0 4.0 -1 4.0 -1 1.0 -1
a 188 47 -1 -1 2.0 1.0 -1 1.0 4.0 1.0 1.0 4.0
a 188 166 4.0 4.0 1.0 1.0 4.0 1.0 4.0 -1 1.0 4.0
a 188 169 4.0 4.0 1.0 -1 -1 4.0 4.0 1.0 1.0 4.0
a 189 226 -1 4.0 -1 -1 -1 -1 4.0 1.0 1.0 -1
a 190 59 1.0 4.0 -1 -1 4.0 1.0 4.0 2.0 -1 -1
a 190 172 1.0 -1 1.0 1.0 -1 -1 -1 2.0 -1 -1
a 190 187 4.0 3.0 -1 2.0 3.0 4.0 3.0 1.0 1.0 4.0
a 190 8 1.0 4.0 -1 -1 4.0 4.0 4.0 -1 -1 4.0
a 191 145 -1 -1 1.0 -1 4.0 4.0 -1 1.0 -1 -1
a 191 211 -1 4.0 1.0 -1 3.0 4.0 4.0 2.0 -1 -1
a 191 196 -1 4.0 -1 -1 -1 -1 4.0 1.0 1.0 4.0
a 192 221 4.0 4.0 1.0 2.0 -1 -1 -1 1.0 -1 3.0
a 192 193 -1 -1 1.0 -1 -1 -1 4.0 1.0 2.0 4.0
a 192 144 1.0 4.0 1.0 1.0 3.0 -1 -1 -1 1.0 4.0
a 193 192 -1 -1 1.0 2.0 4.0 -1 4.0 -1 2.0 -1
a 193 194 1.0 -1 1.0 -1 4.0 -1 -1 1.0 1.0 3.0
a 194 118 1.0 -1 1.0 1.0 3.0 1.0 4.0 2.0 1.0 -1
a 194 195 4.0 3.0 2.0 -1 4.0 4.0 -1 2.0 1.0 3.0
a 194 4 -1 3.0 2.0 2.0 4.0 4.0 -1 -1 2.0 3.0
a 194 193 -1 4.0 1.0 2.0 4.0 -1 4.0 -1 1.0 -1
a 195 194 1.0 4.0 -1 1.0 4.0 4.0 4.0 1.0 1.0 4.0
a 195 123 1.0 3.0 -1 2.0 4.0 4.0 3.0 1.0 -1 -1
a 195 208 -1 3.0 1.0 -1 4.0 -1 3.0 1.0 2.0 -1
a 195 198 1.0 -1 2.0 1.0 -1 4.0 4.0 2.0 1.0 4.0
a 196 217 1.0 4.0 1.0 -1 -1 -1 -1 -1 1.0 4.0
a 196 197 -1 4.0 -1 1.0 4.0 1.0 -1 -1 2.0 3.0
a 196 191 -1 4.0 -1 -1 3.0 4.0 4.0 -1 1.0 3.0
a 196 209 4.0 -1 2.0 -1 3.0 1.0 4.0 1.0 1.0 4.0
a 197 208 -1 4.0 -1 1.0 4.0 4.0 -1 1.0 2.0 3.0
a 197 196 -1 -1 1.0 1.0 3.0 -1 -1 1.0 1.0 4.0
a 197 6 -1 -1 -1 -1 4.0 -1 4.0 -1 1.0 4.0
a 198 205 1.0 3.0 2.0 1.0 4.0 -1 4.0 1.0 1.0 4.0
a 198 234 -1 -1 -1 1.0 4.0 -1 4.0 -1 -1 3.0
a 199 147 4.0 -1 -1 1.0 -1 -1 4.0 -1 2.0 -1
a 199 200 -1 -1 1.0 -1 4.0 -1 4.0 -1 -1 4.0
a 199 213 -1 4.0 1.0 -1 4.0 -1 4.0 1.0 -1 4.0
a 200 199 -1 4.0 1.0 1.0 -1 4.0 -1 -1 1.0 -1
a 200 209 -1 -1 -1 -1 -1 -1 4.0 1.0 -1 -1
a 200 201 1.0 4.0 1.0 1.0 -1 -1 -1 -1 1.0 -1
a 200 133 1.0 3.0 1.0 1.0 -1 -1 4.0 -1 2.0 4.0
a 201 202 -1 4.0 -1 -1 4.0 -1 4.0 2.0 -1 4.0
a 201 200 -1 4.0 -1 1.0 -1 1.0 4.0 1.0 1.0 -1
a 201 14 -1 4.0 -1 1.0 -1 -1 -1 1.0 1.0 4.0
a 202 187 -1 -1 1.0 -1 4.0 4.0 4.0 1.0 1.0 4.0
a 202 201 -1 4.0 -1 -1 -1 4.0 4.0 1.0 2.0 4.0
a 203 204 -1 -1 1.0 1.0 4.0 -1 4.0 1.0 2.0 -1
a 203 123 4.0 -1 -1 1.0 -1 1.0 -1 2.0 1.0 4.0
a 203 21 -1 4.0 1.0 1.0 3.0 4.0 4.0 1.0 -1 3.0
a 204 203 1.0 -1 -1 -1 4.0 -1 4.0 -1 1.0 4.0
a 204 113 1.0 4.0 1.0 1.0 -1 4.0 4.0 2.0 1.0 4.0
a 204 109 -1 4.0 1.0 1.0 -1 1.0 -1 1.0 -1 4.0
a 205 214 -1 4.0 2.0 1.0 -1 4.0 -1 2.0 1.0 4.0
a 206 208 -1 3.0 -1 -1 4.0 4.0 4.0 -1 -1 4.0
a 207 193 4.0 3.0 1.0 -1 4.0 4.0 -1 2.0 -1 4.0
a 207 206 -1 -1 1.0 -1 -1 4.0 -1 1.0 -1 -1
a 208 195 1.0 4.0 1.0 1.0 -1 -1 4.0 1.0 -1 4.0
a 208 215 -1 4.0 1.0 1.0 4.0 4.0 -1 -1 1.0 -1
a 208 197 1.0 4.0 1.0 -1 4.0 -1 -1 -1 1.0 4.0
a 209 126 1.0 -1 -1 1.0 -1 4.0 4.0 1.0 -1 3.0
a 209 200 4.0 -1 -1 -1 3.0 -1 3.0 -1 1.0 4.0
a 209 196 -1 -1 1.0 1.0 3.0 1.0 4.0 1.0 1.0 3.0
a 210 207 -1 4.0 1.0 -1 4.0 -1 4.0 1.0 1.0 4.0
a 210 209 -1 -1 -1 -1 4.0 -1 4.0 1.0 -1 3.0
a 211 212 1.0 4.0 1.0 1.0 3.0 -1 -1 1.0 -1 3.0
a 211 199 4.0 4.0 1.0 1.0 3.0 4.0 3.0 -1 1.0 4.0
a 212 214 -1 -1 -1 1.0 4.0 -1 -1 1.0 1.0 -1
a 213 199 -1 4.0 1.0 1.0 4.0 -1 -1 1.0 -1 4.0
a 213 212 -1 4.0 1.0 1.0 -1 -1 4.0 2.0 2.0 -1
a 213 202 -1 4.0 1.0 1.0 4.0 1.0 -1 2.0 2.0 4.0
a 214 61 -1 4.0 1.0 1.0 -1 -1 4.0 -1 -1 -1
a 215 208 4.0 4.0 1.0 1.0 4.0 1.0 3.0 1.0 -1 4.0
a 215 120 4.0 4.0 -1 -1 4.0 -1 3.0 2.0 1.0 3.0
a 215 6 -1 -1 2.0 2.0 4.0 -1 3.0 1.0 1.0 -1
a 216 185 -1 4.0 -1 -1 -1 -1 -1 1.0 -1 4.0
a 216 132 -1 4.0 -1 2.0 3.0 4.0 3.0 -1 1.0 3.0
a 216 78 -1 4.0 -1 -1 4.0 -1 4.0 2.0 1.0 4.0
a 216 227 1.0 -1 1.0 -1 4.0 -1 4.0 1.0 -1 4.0
a 217 196 -1 4.0 -1 1.0 4.0 -1 -1 -1 2.0 4.0
a 217 125 -1 3.0 -1 1.0 -1 4.0 3.0 1.0 1.0 4.0
a 217 6 1.0 -1 -1 1.0 3.0 -1 3.0 -1 1.0 3.0
a 218 126 -1 -1 -1 1.0 -1 1.0 3.0 1.0 1.0 -1
a 218 219 -1 4.0 -1 1.0 4.0 1.0 -1 1.0 2.0 4.0
a 218 20 4.0 3.0 -1 1.0 4.0 -1 -1 1.0 1.0 4.0
a 219 218 4.0 -1 -1 -1 3.0 -1 -1 1.0 2.0 4.0
a 219 114 -1 3.0 -1 2.0 -1 -1 4.0 1.0 1.0 4.0
a 219 115 -1 4.0 1.0 2.0 4.0 1.0 4.0 1.0 1.0 4.0
a 219 28 1.0 -1 1.0 2.0 3.0 -1 4.0 1.0 2.0 -1
a 220 100 -1 -1 2.0 1.0 3.0 -1 -1 -1 -1 -1
a 220 115 4.0 3.0 2.0 2.0 4.0 -1 -1 2.0 2.0 -1
a 220 19 1.0 4.0 -1 2.0 3.0 -1 3.0 2.0 1.0 -1
a 221 191 -1 -1 1.0 2.0 3.0 -1 3.0 1.0 -1 4.0
a 221 205 1.0 -1 -1 2.0 -1 -1 -1 1.0 -1 4.0
a 222 68 1.0 4.0 2.0 1.0 -1 1.0 -1 1.0 -1 -1
a 222 276 4.0 4.0 1.0 -1 4.0 1.0 4.0 -1 1.0 4.0
a 275 223 -1 3.0 -1 -1 4.0 1.0 -1 2.0 1.0 -1
a 275 224 4.0 4.0 2.0 2.0 4.0 -1 4.0 -1 -1 4.0
a 223 63 -1 -1 1.0 1.0 3.0 -1 4.0 -1 1.0 -1
a 224 50 -1 4.0 2.0 1.0 4.0 -1 3.0 -1 -1 -1
a 225 276 4.0 4.0 2.0 2.0 4.0 1.0 4.0 1.0 1.0 -1
a 225 277 -1 -1 2.0 1.0 3.0 -1 -1 1.0 -1 -1
a 226 75 -1 3.0 1.0 1.0 -1 -1 -1 1.0 1.0 4.0
a 226 82 4.0 4.0 2.0 2.0 -1 4.0 3.0 -1 1.0 -1
a 227 186 -1 4.0 1.0 2.0 4.0 1.0 4.0 1.0 2.0 -1
a 227 216 -1 3.0 1.0 1.0 4.0 -1 4.0 -1 -1 -1
a 227 170 4.0 4.0 -1 -1 -1 -1 4.0 -1 -1 3.0
a 227 85 -1 -1 -1 1.0 4.0 1.0 3.0 -1 -1 4.0
a 228 38 1.0 4.0 2.0 1.0 4.0 1.0 4.0 2.0 2.0 -1
