p min 111 287 10
n 1 3686
n 2 11417
n 3 3007
n 4 2792
n 5 37345
n 6 3482
n 7 12965
n 8 21147
n 9 8431
n 10 13371
n 11 0
n 12 0
n 13 0
n 14 0
n 15 0
n 16 0
n 17 0
n 18 0
n 19 0
n 20 0
n 21 0
n 22 0
n 23 0
n 24 0
n 25 0
n 26 0
n 27 0
n 28 0
n 29 0
n 30 0
n 31 0
n 32 0
n 33 0
n 34 0
n 35 0
n 36 0
n 37 0
n 38 0
n 39 0
n 40 0
n 41 0
n 42 0
n 43 0
n 44 0
n 45 0
n 46 0
n 47 0
n 48 0
n 49 0
n 50 0
n 51 0
n 52 0
n 53 0
n 54 0
n 55 0
n 56 0
n 57 0
n 58 0
n 59 0
n 60 0
n 61 0
n 62 0
n 63 0
n 64 0
n 65 0
n 66 0
n 67 0
n 68 0
n 69 0
n 70 0
n 71 0
n 72 0
n 73 0
n 74 0
n 75 0
n 76 0
n 77 0
n 78 0
n 79 0
n 80 0
n 81 0
n 82 -1
n 83 -1
n 84 -1
n 85 -1
n 86 -1
n 87 -1
n 88 -1
n 89 -1
n 90 -1
n 91 -1
n 92 -1
n 93 -1
n 94 -1
n 95 -1
n 96 -1
n 97 -1
n 98 -1
n 99 -1
n 100 -1
n 101 -1
n 102 -1
n 103 -1
n 104 -1
n 105 -1
n 106 -1
n 107 -1
n 108 -1
n 109 -1
n 110 -1
n 111 -1
a 82 44 4.0 4.0 -1 1.0 4.0 1.0 -1 -1 1.0 -1
a 82 54 1.0 -1 1.0 1.0 -1 -1 4.0 1.0 1.0 -1
a 1 44 4.0 4.0 2.0 1.0 4.0 -1 4.0 2.0 1.0 3.0
a 1 32 1.0 4.0 -1 1.0 -1 -1 -1 -1 -1 3.0
a 1 45 -1 4.0 -1 1.0 4.0 -1 -1 1.0 -1 3.0
a 2 57 4.0 4.0 -1 2.0 4.0 -1 4.0 1.0 1.0 4.0
a 2 77 1.0 -1 1.0 2.0 -1 4.0 4.0 2.0 -1 4.0
a 2 39 4.0 -1 2.0 -1 4.0 -1 4.0 -1 1.0 -1
a 2 75 4.0 4.0 1.0 1.0 3.0 -1 4.0 -1 -1 3.0
a 3 15 -1 4.0 1.0 1.0 4.0 -1 -1 -1 1.0 -1
a 3 43 -1 -1 -1 2.0 -1 -1 -1 1.0 -1 4.0
a 3 19 -1 4.0 1.0 1.0 -1 -1 4.0 1.0 1.0 -1
a 4 49 -1 3.0 -1 1.0 4.0 -1 -1 1.0 1.0 4.0
a 4 61 -1 4.0 2.0 2.0 4.0 4.0 4.0 1.0 1.0 4.0
a 4 43 -1 4.0 -1 1.0 -1 4.0 4.0 -1 1.0 4.0
a 5 18 -1 -1 2.0 2.0 4.0 4.0 -1 1.0 2.0 4.0
a 5 36 4.0 4.0 1.0 1.0 -1 -1 4.0 -1 -1 4.0
a 5 15 -1 4.0 -1 -1 3.0 -1 -1 1.0 -1 4.0
a 5 37 1.0 -1 1.0 -1 4.0 -1 -1 1.0 1.0 3.0
a 6 50 4.0 4.0 -1 1.0 4.0 -1 4.0 1.0 1.0 4.0
a 6 95 -1 3.0 1.0 2.0 -1 -1 4.0 1.0 -1 -1
a 6 31 -1 3.0 -1 1.0 3.0 4.0 4.0 1.0 -1 4.0
a 7 21 -1 4.0 1.0 2.0 -1 -1 3.0 -1 -1 4.0
a 7 80 -1 -1 -1 -1 4.0 -1 3.0 -1 2.0 -1
a 8 78 4.0 3.0 1.0 1.0 -1 1.0 -1 1.0 1.0 4.0
a 8 36 -1 3.0 1.0 1.0 -1 4.0 4.0 1.0 1.0 4.0
a 9 63 1.0 4.0 -1 -1 -1 4.0 4.0 -1 1.0 -1
a 9 34 -1 -1 1.0 1.0 3.0 -1 4.0 1.0 -1 -1
a 10 93 -1 3.0 -1 -1 4.0 -1 4.0 1.0 2.0 -1
a 10 94 -1 4.0 1.0 1.0 -1 1.0 -1 -1 -1 4.0
a 10 25 -1 4.0 1.0 -1 -1 -1 3.0 -1 1.0 4.0
a 10 27 1.0 4.0 1.0 1.0 -1 4.0 3.0 1.0 1.0 4.0
a 83 45 -1 4.0 1.0 1.0 4.0 4.0 -1 -1 1.0 3.0
a 11 12 1.0 4.0 1.0 1.0 -1 1.0 3.0 2.0 1.0 -1
a 11 30 4.0 4.0 2.0 1.0 3.0 -1 -1 -1 -1 3.0
a 11 31 -1 4.0 -1 1.0 4.0 -1 4.0 -1 2.0 3.0
a 12 11 -1 3.0 -1 2.0 -1 4.0 4.0 1.0 2.0 4.0
a 12 37 4.0 3.0 -1 2.0 -1 -1 4.0 1.0 -1 3.0
a 12 36 1.0 4.0 -1 1.0 3.0 -1 -1 2.0 -1 4.0
a 12 79 -1 -1 -1 -1 3.0 -1 4.0 -1 1.0 4.0
a 85 13 4.0 3.0 -1 -1 4.0 -1 3.0 1.0 1.0 -1
a 86 49 -1 4.0 1.0 1.0 4.0 -1 -1 -1 -1 4.0
a 88 70 -1 4.0 1.0 1.0 3.0 4.0 4.0 -1 -1 4.0
a 13 50 1.0 3.0 1.0 1.0 3.0 -1 -1 1.0 -1 4.0
a 13 103 4.0 -1 1.0 1.0 -1 1.0 -1 -1 -1 4.0
a 13 47 -1 -1 1.0 2.0 -1 4.0 4.0 -1 2.0 4.0
a 14 42 -1 -1 1.0 -1 3.0 -1 4.0 -1 1.0 4.0
a 14 15 -1 3.0 1.0 2.0 3.0 1.0 -1 1.0 1.0 3.0
a 14 36 -1 3.0 -1 2.0 4.0 -1 -1 1.0 2.0 4.0
a 15 14 1.0 -1 -1 1.0 -1 -1 3.0 -1 1.0 4.0
a 15 16 1.0 -1 1.0 -1 4.0 1.0 4.0 1.0 2.0 -1
a 15 3 -1 4.0 1.0 -1 -1 -1 3.0 1.0 1.0 4.0
a 15 5 1.0 4.0 1.0 -1 3.0 4.0 -1 2.0 -1 -1
a 16 76 4.0 4.0 -1 1.0 4.0 -1 4.0 2.0 -1 -1
a 16 15 1.0 -1 1.0 -1 4.0 4.0 -1 -1 -1 4.0
a 16 18 1.0 4.0 2.0 -1 4.0 -1 -1 -1 1.0 4.0
a 16 19 -1 4.0 1.0 -1 4.0 4.0 3.0 1.0 -1 4.0
a 17 48 4.0 -1 -1 1.0 -1 -1 4.0 1.0 1.0 -1
a 17 18 -1 3.0 -1 1.0 3.0 4.0 4.0 1.0 2.0 4.0
a 17 46 -1 -1 1.0 -1 -1 1.0 4.0 1.0 -1 4.0
a 18 16 1.0 -1 1.0 1.0 4.0 4.0 3.0 -1 2.0 4.0
a 18 17 -1 4.0 1.0 1.0 -1 -1 4.0 1.0 1.0 -1
a 18 5 -1 4.0 1.0 1.0 -1 -1 3.0 1.0 1.0 -1
a 19 16 -1 -1 -1 -1 -1 1.0 3.0 1.0 -1 3.0
a 19 20 1.0 4.0 1.0 1.0 3.0 -1 -1 1.0 1.0 3.0
a 19 3 -1 3.0 2.0 1.0 4.0 4.0 4.0 -1 -1 -1
a 20 110 1.0 -1 -1 1.0 3.0 4.0 4.0 1.0 1.0 4.0
a 20 19 4.0 3.0 1.0 1.0 -1 -1 4.0 -1 1.0 4.0
a 20 49 4.0 3.0 2.0 -1 -1 -1 4.0 1.0 -1 4.0
a 20 43 -1 -1 1.0 1.0 4.0 1.0 3.0 1.0 1.0 -1
a 89 27 -1 -1 1.0 1.0 4.0 -1 4.0 1.0 1.0 4.0
a 90 21 -1 3.0 1.0 1.0 -1 -1 4.0 -1 -1 4.0
a 91 80 -1 -1 -1 1.0 -1 4.0 4.0 -1 1.0 3.0
a 92 31 -1 3.0 1.0 1.0 3.0 -1 4.0 1.0 2.0 4.0
a 21 22 -1 -1 1.0 2.0 -1 1.0 4.0 -1 1.0 -1
a 21 90 -1 -1 -1 1.0 4.0 -1 4.0 1.0 2.0 -1
a 21 7 4.0 -1 1.0 1.0 3.0 4.0 4.0 2.0 1.0 3.0
a 22 21 1.0 4.0 1.0 -1 -1 4.0 3.0 -1 2.0 3.0
a 22 29 4.0 3.0 1.0 1.0 -1 4.0 -1 1.0 1.0 -1
a 22 26 4.0 4.0 2.0 2.0 -1 1.0 4.0 1.0 2.0 4.0
a 22 30 4.0 -1 -1 1.0 -1 4.0 -1 -1 1.0 4.0
a 93 10 -1 4.0 1.0 1.0 3.0 1.0 -1 -1 -1 -1
a 94 23 -1 -1 -1 -1 -1 -1 4.0 1.0 2.0 4.0
a 94 10 4.0 4.0 1.0 2.0 -1 1.0 4.0 -1 -1 4.0
a 23 94 -1 4.0 1.0 -1 -1 1.0 -1 -1 -1 4.0
a 23 24 1.0 4.0 2.0 1.0 4.0 -1 4.0 -1 2.0 4.0
a 23 25 4.0 3.0 -1 -1 4.0 1.0 4.0 2.0 1.0 4.0
a 24 64 4.0 -1 -1 1.0 -1 -1 -1 2.0 1.0 -1
a 24 23 -1 4.0 1.0 2.0 3.0 4.0 4.0 1.0 1.0 3.0
a 24 45 4.0 4.0 -1 1.0 4.0 4.0 4.0 2.0 -1 3.0
a 24 32 -1 4.0 2.0 -1 -1 -1 4.0 -1 2.0 3.0
a 25 23 4.0 -1 -1 -1 4.0 -1 -1 2.0 1.0 3.0
a 25 26 1.0 3.0 1.0 -1 4.0 -1 4.0 1.0 2.0 -1
a 25 10 -1 3.0 -1 -1 4.0 1.0 -1 1.0 -1 -1
a 26 22 4.0 4.0 -1 -1 4.0 4.0 3.0 2.0 2.0 4.0
a 26 25 4.0 3.0 -1 2.0 4.0 4.0 4.0 2.0 -1 4.0
a 26 27 -1 3.0 1.0 1.0 -1 -1 4.0 1.0 1.0 4.0
a 26 28 1.0 3.0 -1 1.0 4.0 4.0 -1 1.0 -1 4.0
a 27 89 -1 3.0 2.0 -1 -1 -1 4.0 1.0 -1 3.0
a 27 26 1.0 -1 -1 1.0 4.0 -1 -1 -1 -1 3.0
a 27 10 -1 4.0 1.0 -1 3.0 4.0 -1 1.0 2.0 -1
a 28 64 1.0 4.0 -1 2.0 -1 1.0 4.0 2.0 -1 -1
a 28 26 4.0 4.0 -1 -1 4.0 1.0 -1 -1 -1 -1
a 28 29 -1 4.0 2.0 1.0 4.0 -1 -1 1.0 -1 4.0
a 28 34 -1 4.0 1.0 -1 4.0 1.0 4.0 1.0 -1 4.0
a 29 79 -1 4.0 -1 -1 -1 4.0 4.0 1.0 1.0 -1
a 29 22 -1 -1 2.0 -1 4.0 -1 3.0 1.0 2.0 4.0
a 29 28 -1 -1 -1 1.0 4.0 -1 3.0 2.0 1.0 3.0
a 29 40 1.0 4.0 -1 -1 3.0 -1 3.0 1.0 -1 3.0
a 30 79 1.0 3.0 -1 1.0 4.0 -1 4.0 2.0 -1 -1
a 30 22 4.0 4.0 2.0 -1 3.0 1.0 4.0 -1 -1 4.0
a 30 80 4.0 4.0 2.0 -1 4.0 -1 4.0 2.0 -1 4.0
a 30 11 -1 4.0 1.0 -1 3.0 -1 3.0 2.0 2.0 3.0
a 31 92 4.0 -1 1.0 -1 3.0 4.0 3.0 1.0 1.0 4.0
a 31 11 4.0 4.0 2.0 -1 -1 1.0 4.0 1.0 -1 4.0
a 31 6 -1 4.0 1.0 -1 -1 -1 4.0 1.0 1.0 3.0
a 32 24 -1 -1 1.0 1.0 -1 4.0 3.0 1.0 1.0 -1
a 32 33 -1 3.0 -1 1.0 4.0 -1 4.0 -1 1.0 4.0
a 32 1 -1 4.0 -1 1.0 4.0 4.0 4.0 -1 -1 -1
a 33 44 1.0 3.0 1.0 2.0 4.0 1.0 -1 1.0 -1 -1
a 33 38 1.0 4.0 2.0 1.0 4.0 -1 3.0 2.0 1.0 4.0
a 33 54 -1 3.0 1.0 1.0 4.0 1.0 4.0 1.0 1.0 4.0
a 33 32 -1 4.0 -1 1.0 4.0 4.0 -1 1.0 2.0 -1
a 34 28 1.0 4.0 2.0 -1 3.0 -1 -1 1.0 2.0 4.0
a 34 35 -1 4.0 -1 1.0 -1 1.0 4.0 1.0 2.0 4.0
a 34 9 1.0 4.0 1.0 2.0 4.0 4.0 3.0 1.0 -1 3.0
a 35 75 -1 3.0 1.0 -1 4.0 -1 3.0 -1 -1 -1
a 35 39 1.0 3.0 -1 1.0 4.0 -1 -1 1.0 -1 3.0
a 35 34 -1 -1 -1 2.0 4.0 1.0 -1 1.0 1.0 4.0
a 35 38 4.0 4.0 -1 2.0 3.0 -1 4.0 1.0 1.0 4.0
a 36 5 -1 4.0 1.0 2.0 -1 -1 -1 -1 1.0 -1
a 36 14 -1 -1 -1 1.0 3.0 -1 4.0 2.0 -1 -1
a 36 12 -1 4.0 2.0 1.0 -1 -1 4.0 2.0 1.0 4.0
a 36 8 4.0 -1 -1 2.0 3.0 -1 -1 2.0 1.0 4.0
a 37 48 1.0 4.0 1.0 -1 4.0 -1 4.0 1.0 1.0 4.0
a 37 5 1.0 -1 -1 -1 4.0 -1 3.0 -1 1.0 4.0
a 37 12 -1 -1 1.0 2.0 4.0 -1 4.0 1.0 1.0 4.0
a 38 55 4.0 -1 -1 1.0 -1 1.0 4.0 1.0 1.0 4.0
a 38 33 4.0 3.0 1.0 -1 4.0 -1 -1 -1 -1 -1
a 38 63 4.0 4.0 1.0 2.0 4.0 -1 3.0 2.0 2.0 -1
a 38 35 4.0 4.0 -1 1.0 3.0 -1 4.0 -1 1.0 -1
a 39 40 -1 4.0 1.0 1.0 4.0 1.0 -1 -1 1.0 3.0
a 39 35 -1 4.0 2.0 -1 -1 -1 4.0 1.0 1.0 -1
a 39 2 -1 4.0 -1 1.0 3.0 -1 -1 1.0 1.0 -1
a 40 77 4.0 -1 -1 -1 4.0 1.0 4.0 1.0 1.0 4.0
a 40 29 1.0 4.0 1.0 -1 3.0 -1 3.0 1.0 2.0 3.0
a 40 41 4.0 4.0 1.0 1.0 4.0 -1 3.0 -1 -1 -1
a 40 39 4.0 -1 2.0 2.0 4.0 1.0 3.0 1.0 -1 -1
a 41 78 -1 -1 -1 1.0 -1 4.0 4.0 1.0 1.0 4.0
a 41 40 1.0 4.0 1.0 -1 4.0 1.0 -1 1.0 -1 -1
a 41 42 1.0 -1 2.0 -1 4.0 4.0 4.0 -1 2.0 4.0
a 41 69 4.0 -1 1.0 2.0 4.0 1.0 4.0 1.0 1.0 4.0
a 95 6 -1 -1 1.0 -1 -1 -1 4.0 2.0 -1 4.0
a 96 76 1.0 4.0 1.0 1.0 -1 1.0 4.0 2.0 1.0 -1
a 42 41 4.0 4.0 1.0 1.0 4.0 4.0 3.0 1.0 1.0 4.0
a 42 60 4.0 -1 1.0 1.0 -1 -1 4.0 1.0 1.0 -1
a 42 43 4.0 4.0 1.0 1.0 4.0 -1 -1 1.0 1.0 4.0
a 42 14 -1 -1 -1 1.0 -1 4.0 3.0 1.0 1.0 -1
a 43 42 1.0 -1 1.0 2.0 3.0 -1 4.0 1.0 1.0 3.0
a 43 4 4.0 4.0 1.0 1.0 3.0 -1 -1 -1 1.0 -1
a 43 20 -1 4.0 1.0 1.0 -1 1.0 4.0 2.0 -1 -1
a 43 3 1.0 4.0 -1 1.0 4.0 4.0 4.0 -1 1.0 -1
a 97 45 -1 4.0 1.0 2.0 -1 -1 -1 1.0 2.0 3.0
a 98 44 1.0 4.0 -1 1.0 4.0 1.0 -1 1.0 -1 -1
a 44 33 4.0 4.0 1.0 1.0 -1 4.0 3.0 -1 1.0 4.0
a 44 98 4.0 -1 -1 1.0 3.0 1.0 -1 -1 1.0 -1
a 44 1 1.0 4.0 1.0 1.0 4.0 -1 -1 1.0 1.0 3.0
a 44 82 -1 4.0 -1 1.0 3.0 -1 3.0 -1 2.0 3.0
a 45 97 4.0 -1 1.0 1.0 3.0 -1 -1 -1 1.0 -1
a 45 24 -1 -1 -1 2.0 3.0 -1 4.0 2.0 1.0 3.0
a 45 1 1.0 -1 1.0 1.0 -1 -1 -1 1.0 2.0 -1
a 45 83 1.0 4.0 -1 1.0 -1 -1 4.0 2.0 -1 4.0
a 99 52 -1 4.0 1.0 1.0 -1 -1 4.0 1.0 2.0 3.0
a 100 59 4.0 -1 1.0 2.0 4.0 1.0 4.0 1.0 -1 4.0
a 46 102 -1 -1 1.0 2.0 4.0 1.0 -1 1.0 -1 -1
a 46 51 -1 4.0 -1 2.0 -1 -1 -1 1.0 1.0 -1
a 46 17 -1 3.0 -1 -1 3.0 -1 -1 1.0 -1 -1
a 46 101 -1 -1 1.0 -1 4.0 -1 3.0 -1 1.0 -1
a 101 46 -1 4.0 1.0 1.0 -1 -1 4.0 1.0 1.0 -1
a 47 111 -1 4.0 -1 1.0 4.0 -1 -1 1.0 2.0 4.0
a 47 13 -1 3.0 1.0 1.0 -1 -1 -1 -1 1.0 -1
a 47 48 -1 -1 -1 2.0 4.0 -1 4.0 1.0 2.0 4.0
a 102 46 -1 -1 1.0 -1 -1 -1 -1 -1 1.0 -1
a 103 13 -1 -1 1.0 1.0 4.0 -1 3.0 1.0 1.0 -1
a 48 47 -1 -1 1.0 1.0 -1 -1 4.0 2.0 -1 4.0
a 48 37 -1 -1 -1 1.0 -1 -1 4.0 -1 1.0 4.0
a 48 17 -1 4.0 2.0 2.0 -1 4.0 4.0 1.0 1.0 -1
a 104 51 -1 -1 1.0 -1 -1 -1 3.0 1.0 2.0 -1
a 49 107 -1 4.0 1.0 1.0 4.0 -1 4.0 1.0 2.0 4.0
a 49 86 -1 3.0 1.0 1.0 4.0 -1 -1 1.0 -1 -1
a 49 20 -1 3.0 1.0 1.0 -1 -1 -1 -1 1.0 -1
a 49 4 1.0 4.0 1.0 -1 -1 4.0 -1 1.0 2.0 4.0
a 50 13 -1 4.0 -1 -1 -1 1.0 4.0 1.0 1.0 4.0
a 50 11 4.0 4.0 1.0 2.0 4.0 4.0 4.0 1.0 1.0 4.0
a 50 6 -1 3.0 1.0 -1 4.0 1.0 4.0 -1 1.0 3.0
a 51 76 -1 4.0 -1 1.0 -1 -1 -1 1.0 1.0 4.0
a 51 104 4.0 4.0 -1 -1 -1 -1 3.0 -1 2.0 3.0
a 51 46 1.0 4.0 -1 1.0 4.0 4.0 3.0 2.0 1.0 -1
a 105 66 -1 4.0 2.0 2.0 -1 -1 -1 1.0 1.0 4.0
a 106 62 -1 3.0 1.0 1.0 -1 1.0 -1 1.0 2.0 -1
a 107 49 -1 -1 1.0 1.0 -1 -1 4.0 1.0 1.0 3.0
a 52 99 4.0 4.0 1.0 1.0 4.0 1.0 4.0 1.0 -1 4.0
a 52 71 4.0 4.0 -1 1.0 4.0 -1 3.0 -1 -1 -1
a 52 56 -1 -1 1.0 -1 -1 1.0 3.0 -1 1.0 4.0
a 108 81 -1 4.0 1.0 1.0 4.0 1.0 4.0 1.0 1.0 3.0
a 108 53 4.0 -1 1.0 -1 3.0 -1 4.0 1.0 2.0 -1
a 53 108 -1 4.0 -1 1.0 4.0 4.0 4.0 -1 1.0 4.0
a 53 54 4.0 3.0 1.0 2.0 4.0 4.0 -1 -1 2.0 3.0
a 54 33 -1 4.0 1.0 -1 4.0 1.0 4.0 1.0 1.0 4.0
a 54 55 1.0 4.0 1.0 -1 4.0 -1 4.0 1.0 -1 4.0
a 54 82 4.0 4.0 2.0 2.0 -1 -1 -1 -1 2.0 4.0
a 54 53 4.0 3.0 -1 2.0 3.0 -1 -1 1.0 1.0 4.0
a 55 54 1.0 -1 -1 -1 3.0 -1 4.0 1.0 1.0 4.0
a 55 38 -1 -1 2.0 -1 4.0 1.0 3.0 2.0 -1 4.0
a 55 68 -1 -1 -1 1.0 4.0 1.0 3.0 1.0 1.0 3.0
a 55 58 4.0 4.0 1.0 1.0 -1 -1 4.0 1.0 2.0 4.0
a 56 77 -1 4.0 1.0 -1 -1 -1 4.0 2.0 -1 4.0
a 56 57 4.0 -1 -1 1.0 3.0 4.0 3.0 -1 -1 4.0
a 56 52 4.0 4.0 1.0 -1 -1 -1 4.0 1.0 1.0 4.0
a 56 69 -1 3.0 1.0 -1 4.0 1.0 3.0 1.0 1.0 4.0
a 57 68 -1 -1 -1 1.0 -1 -1 3.0 1.0 1.0 -1
a 57 56 -1 3.0 -1 2.0 4.0 1.0 4.0 -1 1.0 3.0
a 57 2 -1 4.0 1.0 1.0 -1 4.0 3.0 2.0 -1 -1
a 58 65 1.0 4.0 -1 2.0 4.0 -1 4.0 1.0 -1 3.0
a 58 84 -1 -1 -1 -1 4.0 -1 -1 1.0 -1 4.0
a 59 100 -1 4.0 1.0 -1 4.0 -1 -1 1.0 -1 4.0
a 59 60 4.0 4.0 1.0 1.0 -1 -1 4.0 2.0 2.0 4.0
a 59 73 1.0 -1 1.0 1.0 -1 -1 -1 -1 -1 4.0
a 60 59 4.0 4.0 -1 2.0 -1 4.0 -1 1.0 1.0 3.0
a 60 69 -1 3.0 -1 -1 3.0 -1 4.0 -1 1.0 -1
a 60 61 1.0 -1 1.0 1.0 4.0 -1 4.0 1.0 2.0 4.0
a 60 42 4.0 4.0 1.0 1.0 4.0 -1 3.0 -1 1.0 3.0
a 61 62 -1 3.0 1.0 2.0 4.0 1.0 4.0 1.0 -1 -1
a 61 60 1.0 3.0 1.0 1.0 3.0 4.0 3.0 2.0 2.0 4.0
a 61 4 1.0 -1 1.0 2.0 4.0 -1 4.0 1.0 1.0 4.0
a 62 106 -1 -1 1.0 1.0 -1 -1 4.0 1.0 1.0 -1
a 62 61 -1 3.0 2.0 1.0 3.0 1.0 3.0 1.0 1.0 3.0
a 63 64 1.0 4.0 1.0 1.0 -1 -1 4.0 1.0 1.0 4.0
a 63 38 4.0 -1 -1 -1 3.0 1.0 4.0 -1 1.0 -1
a 63 9 4.0 -1 -1 1.0 3.0 4.0 4.0 1.0 -1 4.0
a 64 63 -1 4.0 -1 -1 -1 -1 3.0 1.0 1.0 4.0
a 64 28 -1 4.0 2.0 2.0 4.0 1.0 4.0 1.0 -1 4.0
a 64 24 -1 4.0 2.0 -1 -1 4.0 4.0 -1 -1 -1
a 65 74 4.0 4.0 -1 1.0 4.0 1.0 4.0 -1 1.0 4.0
a 66 68 -1 4.0 1.0 -1 -1 4.0 -1 1.0 1.0 3.0
a 67 53 4.0 4.0 -1 1.0 4.0 -1 3.0 1.0 -1 3.0
a 67 66 1.0 -1 1.0 -1 3.0 4.0 -1 -1 -1 -1
a 68 55 -1 4.0 -1 1.0 4.0 -1 4.0 2.0 1.0 -1
a 68 75 -1 -1 -1 1.0 -1 -1 4.0 -1 1.0 4.0
a 68 57 -1 4.0 -1 -1 4.0 -1 3.0 1.0 2.0 4.0
a 69 41 4.0 4.0 2.0 -1 4.0 4.0 -1 2.0 1.0 4.0
a 69 60 1.0 -1 1.0 1.0 -1 1.0 3.0 -1 1.0 4.0
a 69 56 -1 -1 -1 1.0 4.0 -1 -1 2.0 -1 -1
a 70 67 -1 4.0 1.0 -1 -1 1.0 -1 2.0 2.0 -1
a 70 69 -1 -1 1.0 -1 3.0 -1 3.0 1.0 2.0 4.0
a 71 72 4.0 4.0 1.0 1.0 4.0 4.0 3.0 -1 1.0 4.0
a 71 59 -1 4.0 1.0 -1 -1 1.0 -1 1.0 1.0 4.0
a 72 74 -1 3.0 1.0 1.0 4.0 -1 -1 1.0 1.0 -1
a 73 59 -1 4.0 -1 -1 4.0 -1 3.0 2.0 -1 4.0
a 73 72 -1 4.0 -1 -1 4.0 -1 -1 -1 2.0 -1
a 73 62 4.0 4.0 1.0 1.0 4.0 -1 4.0 2.0 -1 -1
a 74 87 -1 -1 1.0 1.0 4.0 -1 4.0 1.0 2.0 4.0
a 75 68 -1 4.0 1.0 1.0 4.0 4.0 4.0 1.0 1.0 -1
a 75 35 -1 4.0 1.0 1.0 4.0 -1 4.0 1.0 1.0 4.0
a 75 2 -1 4.0 1.0 -1 4.0 4.0 3.0 1.0 -1 4.0
a 76 51 -1 4.0 -1 1.0 4.0 -1 4.0 1.0 1.0 3.0
a 76 96 -1 3.0 1.0 -1 4.0 1.0 4.0 -1 2.0 4.0
a 76 16 4.0 -1 1.0 -1 -1 1.0 4.0 1.0 -1 4.0
a 76 110 4.0 -1 2.0 -1 -1 -1 4.0 -1 1.0 4.0
a 77 56 4.0 -1 1.0 1.0 -1 -1 -1 -1 -1 -1
a 77 40 4.0 4.0 1.0 2.0 4.0 -1 3.0 2.0 1.0 4.0
a 77 2 -1 4.0 2.0 1.0 3.0 4.0 -1 -1 1.0 -1
a 78 41 4.0 -1 -1 1.0 -1 -1 3.0 -1 -1 -1
a 78 79 1.0 -1 2.0 1.0 -1 -1 3.0 -1 -1 -1
a 78 8 -1 -1 1.0 -1 -1 4.0 -1 -1 2.0 4.0
a 79 78 -1 -1 -1 1.0 3.0 -1 -1 1.0 -1 -1
a 79 29 -1 4.0 1.0 1.0 3.0 1.0 4.0 -1 1.0 4.0
a 79 30 1.0 4.0 1.0 -1 4.0 -1 -1 1.0 1.0 4.0
a 79 12 -1 -1 1.0 -1 3.0 -1 4.0 1.0 1.0 4.0
a 80 91 4.0 4.0 1.0 -1 -1 4.0 -1 1.0 -1 -1
a 80 30 -1 -1 1.0 1.0 -1 4.0 4.0 -1 2.0 4.0
a 80 7 4.0 -1 -1 1.0 4.0 4.0 4.0 -1 -1 -1
a 81 52 -1 4.0 1.0 1.0 -1 -1 4.0 1.0 1.0 4.0
a 81 65 1.0 -1 2.0 2.0 4.0 4.0 4.0 -1 2.0 3.0
a 109 17 1.0 4.0 -1 2.0 3.0 -1 4.0 1.0 1.0 -1
a 110 76 -1 -1 2.0 -1 4.0 4.0 -1 1.0 2.0 3.0
a 110 20 1.0 4.0 -1 1.0 -1 1.0 4.0 1.0 1.0 -1
