p min 562 1443 10
n 1 16196
n 2 752
n 3 7388
n 4 1948
n 5 3986
n 6 2576
n 7 9065
n 8 7756
n 9 5956
n 10 5805
n 11 3208
n 12 5253
n 13 3201
n 14 4440
n 15 2228
n 16 1090
n 17 2218
n 18 4357
n 19 1624
n 20 1992
n 21 2051
n 22 1911
n 23 1494
n 24 3686
n 25 11417
n 26 1764
n 27 705
n 28 1390
n 29 3694
n 30 1665
n 31 3487
n 32 3007
n 33 2792
n 34 37345
n 35 126
n 36 2077
n 37 3482
n 38 12965
n 39 21147
n 40 8431
n 41 13371
n 42 4402
n 43 1861
n 44 1663
n 45 1338
n 46 4407
n 47 4348
n 48 1064
n 49 12694
n 50 152
n 51 1713
n 52 2310
n 53 1503
n 54 3134
n 55 0
n 56 0
n 57 0
n 58 0
n 59 0
n 60 0
n 61 0
n 62 0
n 63 0
n 64 0
n 65 0
n 66 0
n 67 0
n 68 0
n 69 0
n 70 0
n 71 0
n 72 0
n 73 0
n 74 0
n 75 0
n 76 0
n 77 0
n 78 0
n 79 0
n 80 0
n 81 0
n 82 0
n 83 0
n 84 0
n 85 0
n 86 0
n 87 0
n 88 0
n 89 0
n 90 0
n 91 0
n 92 0
n 93 0
n 94 0
n 95 0
n 96 0
n 97 0
n 98 0
n 99 0
n 100 0
n 101 0
n 102 0
n 103 0
n 104 0
n 105 0
n 106 0
n 107 0
n 108 0
n 109 0
n 110 0
n 111 0
n 112 0
n 113 0
n 114 0
n 115 0
n 116 0
n 117 0
n 118 0
n 119 0
n 120 0
n 121 0
n 122 0
n 123 0
n 124 0
n 125 0
n 126 0
n 127 0
n 128 0
n 129 0
n 130 0
n 131 0
n 132 0
n 133 0
n 134 0
n 135 0
n 136 0
n 137 0
n 138 0
n 139 0
n 140 0
n 141 0
n 142 0
n 143 0
n 144 0
n 145 0
n 146 0
n 147 0
n 148 0
n 149 0
n 150 0
n 151 0
n 152 0
n 153 0
n 154 0
n 155 0
n 156 0
n 157 0
n 158 0
n 159 0
n 160 0
n 161 0
n 162 0
n 163 0
n 164 0
n 165 0
n 166 0
n 167 0
n 168 0
n 169 0
n 170 0
n 171 0
n 172 0
n 173 0
n 174 0
n 175 0
n 176 0
n 177 0
n 178 0
n 179 0
n 180 0
n 181 0
n 182 0
n 183 0
n 184 0
n 185 0
n 186 0
n 187 0
n 188 0
n 189 0
n 190 0
n 191 0
n 192 0
n 193 0
n 194 0
n 195 0
n 196 0
n 197 0
n 198 0
n 199 0
n 200 0
n 201 0
n 202 0
n 203 0
n 204 0
n 205 0
n 206 0
n 207 0
n 208 0
n 209 0
n 210 0
n 211 0
n 212 0
n 213 0
n 214 0
n 215 0
n 216 0
n 217 0
n 218 0
n 219 0
n 220 0
n 221 0
n 222 0
n 223 0
n 224 0
n 225 0
n 226 0
n 227 0
n 228 0
n 229 0
n 230 0
n 231 0
n 232 0
n 233 0
n 234 0
n 235 0
n 236 0
n 237 0
n 238 0
n 239 0
n 240 0
n 241 0
n 242 0
n 243 0
n 244 0
n 245 0
n 246 0
n 247 0
n 248 0
n 249 0
n 250 0
n 251 0
n 252 0
n 253 0
n 254 0
n 255 0
n 256 0
n 257 0
n 258 0
n 259 0
n 260 0
n 261 0
n 262 0
n 263 0
n 264 0
n 265 0
n 266 0
n 267 0
n 268 0
n 269 0
n 270 0
n 271 0
n 272 0
n 273 0
n 274 0
n 275 0
n 276 0
n 277 0
n 278 0
n 279 0
n 280 0
n 281 0
n 282 0
n 283 0
n 284 0
n 285 0
n 286 0
n 287 0
n 288 0
n 289 0
n 290 0
n 291 0
n 292 0
n 293 0
n 294 0
n 295 0
n 296 0
n 297 0
n 298 0
n 299 0
n 300 0
n 301 0
n 302 0
n 303 0
n 304 0
n 305 0
n 306 0
n 307 0
n 308 0
n 309 0
n 310 0
n 311 0
n 312 0
n 313 0
n 314 0
n 315 0
n 316 0
n 317 0
n 318 0
n 319 0
n 320 0
n 321 0
n 322 0
n 323 0
n 324 0
n 325 0
n 326 0
n 327 0
n 328 0
n 329 0
n 330 0
n 331 0
n 332 0
n 333 0
n 334 0
n 335 0
n 336 0
n 337 0
n 338 0
n 339 0
n 340 0
n 341 0
n 342 0
n 343 0
n 344 0
n 345 0
n 346 0
n 347 0
n 348 0
n 349 0
n 350 0
n 351 0
n 352 0
n 353 0
n 354 0
n 355 0
n 356 0
n 357 0
n 358 0
n 359 0
n 360 0
n 361 0
n 362 0
n 363 0
n 364 0
n 365 0
n 366 0
n 367 0
n 368 0
n 369 0
n 370 0
n 371 0
n 372 0
n 373 0
n 374 0
n 375 0
n 376 0
n 377 0
n 378 0
n 379 0
n 380 0
n 381 0
n 382 0
n 383 0
n 384 0
n 385 0
n 386 0
n 387 0
n 388 0
n 389 0
n 390 0
n 391 0
n 392 0
n 393 0
n 394 0
n 395 0
n 396 0
n 397 0
n 398 0
n 399 0
n 400 0
n 401 0
n 402 0
n 403 0
n 404 0
n 405 0
n 406 0
n 407 0
n 408 0
n 409 0
n 410 0
n 411 0
n 412 0
n 413 0
n 414 0
n 415 0
n 416 0
n 417 0
n 418 0
n 419 0
n 420 0
n 421 0
n 422 0
n 423 0
n 424 0
n 425 0
n 426 0
n 427 0
n 428 0
n 429 0
n 430 0
n 431 0
n 432 0
n 433 0
n 434 0
n 435 0
n 436 0
n 437 0
n 438 0
n 439 0
n 440 0
n 441 0
n 442 0
n 443 0
n 444 0
n 445 0
n 446 0
n 447 0
n 448 0
n 449 0
n 450 0
n 451 0
n 452 0
n 453 0
n 454 0
n 455 0
n 456 0
n 457 0
n 458 0
n 459 0
n 460 0
n 461 0
n 462 0
n 463 0
n 464 0
n 465 0
n 466 0
n 467 0
n 468 0
n 469 0
n 470 0
n 471 0
n 472 0
n 473 0
n 474 0
n 475 0
n 476 0
n 477 0
n 478 0
n 479 0
n 480 0
n 481 0
n 482 0
n 483 0
n 484 0
n 485 0
n 486 0
n 487 0
n 488 0
n 489 0
n 490 0
n 491 0
n 492 0
n 493 0
n 494 0
n 495 0
n 496 0
n 497 0
n 498 0
n 499 0
n 500 0
n 501 0
n 502 0
n 503 0
n 504 0
n 505 -1
n 506 -1
n 507 -1
n 508 -1
n 509 -1
n 510 -1
n 511 -1
n 512 -1
n 513 -1
n 514 -1
n 515 -1
n 516 -1
n 517 -1
n 518 -1
n 519 -1
n 520 -1
n 521 -1
n 522 -1
n 523 -1
n 524 -1
n 525 -1
n 526 -1
n 527 -1
n 528 -1
n 529 -1
n 530 -1
n 531 -1
n 532 -1
n 533 -1
n 534 -1
n 535 -1
n 536 -1
n 537 -1
n 538 -1
n 539 -1
n 540 -1
n 541 -1
n 542 -1
n 543 -1
n 544 -1
n 545 -1
n 546 -1
n 547 -1
n 548 -1
n 549 -1
n 550 -1
n 551 -1
n 552 -1
n 553 -1
n 554 -1
n 555 -1
n 556 -1
n 557 -1
n 558 -1
n 559 -1
n 560 -1
n 561 -1
n 562 -1
a 1 180 4.0 -1 1.0 1.0 -1 -1 3.0 1.0 2.0 4.0
a 1 216 4.0 4.0 2.0 1.0 3.0 1.0 4.0 -1 1.0 4.0
a 1 183 -1 4.0 1.0 2.0 4.0 -1 4.0 -1 1.0 4.0
a 505 183 -1 3.0 1.0 2.0 4.0 -1 -1 -1 1.0 4.0
a 2 355 -1 3.0 1.0 -1 -1 4.0 4.0 1.0 2.0 -1
a 2 399 -1 3.0 2.0 -1 3.0 -1 -1 1.0 -1 4.0
a 3 356 1.0 4.0 1.0 1.0 3.0 -1 4.0 1.0 1.0 4.0
a 3 218 1.0 4.0 2.0 -1 4.0 -1 4.0 2.0 1.0 3.0
a 4 356 -1 4.0 2.0 2.0 4.0 4.0 4.0 1.0 -1 -1
a 4 448 1.0 4.0 1.0 -1 -1 4.0 4.0 1.0 2.0 -1
a 5 447 -1 4.0 1.0 2.0 4.0 1.0 4.0 -1 1.0 3.0
a 5 292 -1 3.0 1.0 -1 4.0 -1 4.0 -1 2.0 3.0
a 6 360 4.0 -1 1.0 -1 4.0 1.0 3.0 1.0 -1 4.0
a 7 345 4.0 4.0 -1 -1 3.0 -1 -1 2.0 1.0 -1
a 7 274 -1 4.0 1.0 1.0 4.0 4.0 4.0 1.0 -1 3.0
a 7 350 -1 4.0 1.0 -1 -1 1.0 3.0 -1 1.0 4.0
a 7 347 -1 -1 2.0 1.0 -1 4.0 3.0 1.0 1.0 -1
a 8 551 4.0 -1 1.0 -1 4.0 4.0 4.0 -1 1.0 3.0
a 8 361 -1 4.0 1.0 2.0 4.0 -1 -1 1.0 1.0 4.0
a 9 287 -1 4.0 1.0 1.0 4.0 -1 3.0 -1 1.0 -1
a 9 362 1.0 4.0 2.0 -1 -1 4.0 4.0 -1 1.0 4.0
a 9 348 4.0 4.0 -1 -1 4.0 -1 4.0 2.0 -1 3.0
a 10 192 4.0 4.0 1.0 1.0 4.0 -1 3.0 1.0 1.0 4.0
a 10 354 4.0 3.0 2.0 2.0 3.0 4.0 4.0 1.0 2.0 4.0
a 10 209 4.0 4.0 1.0 1.0 -1 4.0 4.0 -1 2.0 4.0
a 10 286 1.0 4.0 2.0 -1 3.0 1.0 4.0 -1 1.0 4.0
a 11 415 4.0 4.0 1.0 1.0 3.0 -1 -1 1.0 1.0 4.0
a 12 536 -1 -1 1.0 -1 3.0 1.0 4.0 -1 -1 4.0
a 12 449 -1 4.0 2.0 1.0 4.0 4.0 4.0 2.0 1.0 4.0
a 13 354 1.0 -1 2.0 1.0 4.0 4.0 -1 1.0 1.0 -1
a 13 353 -1 4.0 1.0 -1 -1 -1 4.0 -1 1.0 4.0
a 13 352 -1 3.0 -1 1.0 -1 1.0 3.0 1.0 1.0 -1
a 13 351 4.0 3.0 2.0 -1 4.0 1.0 -1 1.0 1.0 -1
a 506 281 4.0 4.0 -1 1.0 4.0 -1 4.0 1.0 -1 -1
a 14 211 -1 4.0 1.0 -1 -1 1.0 -1 1.0 1.0 4.0
a 14 280 4.0 -1 1.0 -1 -1 -1 3.0 1.0 1.0 4.0
a 507 212 4.0 -1 2.0 2.0 4.0 1.0 4.0 2.0 1.0 4.0
a 508 363 1.0 3.0 1.0 -1 3.0 -1 -1 -1 -1 4.0
a 15 364 1.0 3.0 1.0 -1 4.0 4.0 -1 1.0 1.0 4.0
a 16 366 1.0 4.0 -1 2.0 3.0 4.0 4.0 1.0 -1 4.0
a 16 365 1.0 -1 1.0 2.0 -1 -1 3.0 2.0 2.0 4.0
a 17 368 1.0 4.0 2.0 2.0 -1 -1 4.0 -1 1.0 4.0
a 17 298 -1 4.0 1.0 -1 4.0 1.0 -1 2.0 -1 -1
a 17 367 4.0 4.0 1.0 1.0 -1 -1 3.0 1.0 1.0 -1
a 18 369 -1 3.0 1.0 1.0 4.0 4.0 3.0 -1 -1 3.0
a 18 368 -1 4.0 1.0 1.0 4.0 4.0 3.0 -1 1.0 4.0
a 18 301 1.0 4.0 1.0 1.0 -1 -1 4.0 1.0 -1 3.0
a 18 302 -1 -1 -1 -1 -1 -1 3.0 -1 1.0 -1
a 509 302 1.0 -1 1.0 -1 3.0 -1 -1 2.0 1.0 -1
a 509 315 -1 4.0 -1 1.0 -1 1.0 3.0 -1 -1 3.0
a 19 315 4.0 3.0 1.0 -1 4.0 1.0 -1 2.0 1.0 4.0
a 19 370 -1 4.0 2.0 -1 4.0 -1 4.0 1.0 2.0 -1
a 20 377 -1 3.0 1.0 1.0 -1 1.0 4.0 -1 1.0 3.0
a 20 371 1.0 -1 -1 1.0 4.0 4.0 4.0 1.0 2.0 3.0
a 21 373 1.0 4.0 1.0 1.0 3.0 -1 4.0 1.0 1.0 4.0
a 21 376 4.0 3.0 1.0 -1 4.0 4.0 4.0 1.0 2.0 4.0
a 22 376 1.0 4.0 1.0 2.0 4.0 -1 4.0 2.0 1.0 3.0
a 23 332 -1 -1 1.0 2.0 4.0 -1 -1 -1 1.0 3.0
a 23 461 1.0 -1 -1 1.0 -1 1.0 4.0 -1 1.0 -1
a 24 332 1.0 -1 2.0 1.0 -1 4.0 4.0 1.0 -1 -1
a 24 259 4.0 4.0 -1 -1 -1 -1 -1 2.0 1.0 3.0
a 24 333 -1 -1 -1 2.0 4.0 4.0 4.0 -1 1.0 -1
a 25 482 -1 -1 1.0 2.0 3.0 -1 4.0 1.0 2.0 4.0
a 25 266 1.0 4.0 2.0 2.0 4.0 -1 3.0 1.0 -1 -1
a 25 484 4.0 -1 -1 1.0 4.0 -1 -1 1.0 1.0 4.0
a 25 464 -1 3.0 1.0 2.0 4.0 1.0 4.0 2.0 -1 4.0
a 26 378 4.0 4.0 1.0 -1 -1 1.0 -1 -1 -1 4.0
a 26 380 4.0 4.0 1.0 1.0 4.0 -1 -1 -1 1.0 4.0
a 26 379 1.0 4.0 -1 -1 4.0 -1 4.0 1.0 -1 -1
a 27 380 4.0 4.0 1.0 2.0 3.0 1.0 4.0 -1 2.0 4.0
a 27 457 -1 3.0 1.0 2.0 4.0 4.0 4.0 1.0 1.0 3.0
a 28 429 4.0 4.0 1.0 -1 -1 -1 -1 1.0 1.0 4.0
a 28 428 4.0 4.0 -1 1.0 3.0 -1 -1 1.0 1.0 -1
a 28 452 -1 3.0 2.0 1.0 4.0 4.0 -1 1.0 1.0 -1
a 29 419 -1 4.0 1.0 -1 4.0 4.0 4.0 1.0 -1 -1
a 29 428 1.0 4.0 -1 1.0 -1 -1 3.0 -1 -1 -1
a 30 276 -1 4.0 -1 1.0 3.0 -1 4.0 2.0 2.0 3.0
a 30 417 -1 -1 1.0 1.0 4.0 1.0 4.0 -1 1.0 3.0
a 30 419 -1 3.0 2.0 -1 4.0 4.0 4.0 1.0 -1 -1
a 31 426 -1 4.0 1.0 -1 -1 -1 4.0 1.0 1.0 4.0
a 31 411 1.0 4.0 1.0 -1 4.0 -1 4.0 -1 -1 4.0
a 31 423 1.0 -1 -1 1.0 4.0 -1 3.0 1.0 2.0 4.0
a 32 200 -1 4.0 2.0 1.0 4.0 -1 4.0 -1 -1 4.0
a 32 306 -1 4.0 -1 1.0 -1 1.0 -1 1.0 2.0 3.0
a 32 207 -1 4.0 2.0 1.0 4.0 -1 3.0 1.0 -1 -1
a 33 430 -1 4.0 1.0 1.0 4.0 -1 -1 2.0 1.0 4.0
a 33 468 1.0 3.0 -1 2.0 3.0 1.0 3.0 1.0 1.0 -1
a 33 306 4.0 4.0 1.0 2.0 4.0 -1 3.0 -1 -1 4.0
a 34 206 4.0 4.0 2.0 -1 4.0 -1 -1 1.0 2.0 4.0
a 34 263 -1 3.0 1.0 1.0 -1 -1 4.0 -1 2.0 -1
a 34 200 1.0 4.0 1.0 1.0 4.0 -1 -1 -1 1.0 -1
a 34 264 1.0 -1 1.0 1.0 4.0 4.0 3.0 1.0 1.0 3.0
a 35 427 1.0 4.0 1.0 -1 -1 1.0 4.0 1.0 -1 4.0
a 35 409 4.0 4.0 1.0 1.0 -1 4.0 4.0 1.0 -1 -1
a 35 411 1.0 4.0 2.0 1.0 -1 -1 4.0 1.0 2.0 4.0
a 36 196 1.0 -1 1.0 1.0 3.0 1.0 4.0 1.0 -1 4.0
a 36 424 -1 4.0 1.0 1.0 4.0 4.0 4.0 1.0 2.0 -1
a 37 450 1.0 -1 -1 -1 4.0 -1 -1 1.0 1.0 4.0
a 37 258 -1 4.0 1.0 -1 -1 -1 -1 2.0 2.0 4.0
a 37 272 -1 -1 1.0 1.0 4.0 -1 4.0 1.0 -1 4.0
a 38 244 4.0 -1 1.0 -1 4.0 1.0 4.0 1.0 1.0 4.0
a 38 487 1.0 4.0 1.0 1.0 4.0 4.0 -1 -1 -1 4.0
a 39 485 4.0 3.0 -1 1.0 -1 1.0 3.0 1.0 2.0 3.0
a 39 263 1.0 4.0 2.0 -1 4.0 1.0 4.0 1.0 -1 4.0
a 40 261 -1 -1 1.0 1.0 -1 -1 3.0 -1 1.0 -1
a 40 470 4.0 -1 1.0 1.0 4.0 -1 4.0 1.0 1.0 4.0
a 41 249 1.0 4.0 1.0 1.0 4.0 1.0 4.0 1.0 -1 3.0
a 41 248 -1 -1 1.0 -1 3.0 4.0 -1 -1 1.0 -1
a 41 254 -1 3.0 -1 -1 3.0 4.0 3.0 1.0 1.0 3.0
a 41 252 -1 4.0 2.0 1.0 -1 -1 4.0 1.0 -1 3.0
a 42 203 4.0 4.0 -1 1.0 4.0 -1 3.0 -1 -1 3.0
a 42 269 4.0 -1 1.0 1.0 4.0 1.0 4.0 -1 1.0 3.0
a 42 271 4.0 4.0 1.0 1.0 4.0 1.0 4.0 2.0 -1 4.0
a 42 270 -1 4.0 2.0 1.0 4.0 1.0 -1 1.0 2.0 3.0
a 43 228 1.0 -1 -1 1.0 4.0 4.0 4.0 -1 -1 4.0
a 43 238 4.0 4.0 1.0 1.0 4.0 4.0 4.0 1.0 2.0 -1
a 43 234 -1 -1 -1 1.0 -1 4.0 -1 1.0 2.0 4.0
a 43 235 1.0 4.0 2.0 -1 -1 1.0 4.0 1.0 1.0 3.0
a 44 232 4.0 4.0 2.0 -1 4.0 -1 -1 1.0 -1 -1
a 44 333 1.0 4.0 1.0 2.0 -1 1.0 4.0 1.0 -1 4.0
a 45 390 -1 -1 -1 -1 4.0 -1 -1 -1 1.0 -1
a 46 337 -1 4.0 2.0 1.0 4.0 -1 -1 1.0 2.0 -1
a 46 392 -1 4.0 -1 2.0 -1 -1 4.0 1.0 -1 4.0
a 46 391 -1 4.0 2.0 -1 4.0 -1 4.0 1.0 1.0 3.0
a 47 341 1.0 -1 1.0 1.0 4.0 -1 4.0 -1 -1 4.0
a 47 222 -1 -1 1.0 1.0 4.0 -1 4.0 2.0 2.0 4.0
a 47 343 -1 4.0 -1 -1 4.0 -1 4.0 1.0 -1 4.0
a 47 339 -1 4.0 1.0 1.0 4.0 4.0 4.0 1.0 2.0 4.0
a 48 557 1.0 4.0 -1 1.0 4.0 -1 -1 1.0 1.0 -1
a 48 393 4.0 4.0 1.0 -1 4.0 1.0 -1 -1 1.0 -1
a 49 330 -1 4.0 1.0 1.0 4.0 1.0 4.0 1.0 -1 4.0
a 49 326 -1 -1 1.0 1.0 4.0 4.0 4.0 -1 1.0 4.0
a 49 336 -1 4.0 2.0 -1 4.0 1.0 -1 1.0 1.0 4.0
a 50 331 -1 -1 1.0 1.0 4.0 1.0 -1 1.0 1.0 4.0
a 51 319 4.0 -1 1.0 1.0 3.0 1.0 4.0 -1 2.0 4.0
a 51 326 -1 4.0 1.0 1.0 4.0 -1 3.0 -1 -1 3.0
a 52 318 -1 4.0 -1 -1 4.0 4.0 4.0 -1 -1 4.0
a 52 313 -1 3.0 1.0 2.0 3.0 4.0 4.0 2.0 -1 4.0
a 52 309 1.0 4.0 1.0 1.0 3.0 1.0 3.0 1.0 2.0 4.0
a 53 70 -1 -1 1.0 -1 3.0 -1 4.0 -1 2.0 4.0
a 53 311 4.0 4.0 -1 1.0 -1 1.0 3.0 -1 2.0 3.0
a 53 307 4.0 4.0 2.0 1.0 4.0 4.0 -1 1.0 -1 -1
a 510 67 4.0 4.0 1.0 2.0 3.0 1.0 4.0 -1 1.0 3.0
a 510 311 -1 4.0 2.0 1.0 4.0 -1 3.0 1.0 -1 4.0
a 54 335 1.0 4.0 1.0 -1 4.0 -1 -1 -1 1.0 4.0
a 54 545 4.0 -1 -1 1.0 4.0 1.0 4.0 1.0 2.0 4.0
a 54 543 4.0 4.0 -1 -1 -1 -1 -1 -1 -1 4.0
a 54 321 1.0 4.0 2.0 -1 -1 -1 4.0 1.0 -1 -1
a 511 330 1.0 4.0 1.0 2.0 -1 1.0 3.0 2.0 1.0 4.0
a 55 126 -1 4.0 1.0 2.0 4.0 -1 -1 -1 2.0 -1
a 56 55 -1 4.0 -1 1.0 4.0 -1 4.0 -1 1.0 4.0
a 57 141 -1 4.0 1.0 1.0 3.0 -1 -1 -1 1.0 4.0
a 57 59 1.0 -1 -1 1.0 -1 1.0 4.0 2.0 2.0 4.0
a 57 56 -1 3.0 -1 1.0 3.0 -1 4.0 1.0 1.0 -1
a 58 142 -1 3.0 2.0 1.0 4.0 -1 3.0 1.0 -1 4.0
a 58 144 1.0 -1 -1 2.0 4.0 4.0 4.0 1.0 1.0 -1
a 58 59 4.0 -1 1.0 1.0 3.0 -1 4.0 -1 1.0 4.0
a 59 57 1.0 3.0 1.0 1.0 -1 -1 4.0 1.0 -1 3.0
a 59 194 -1 -1 2.0 1.0 3.0 -1 -1 -1 1.0 4.0
a 60 61 4.0 -1 1.0 2.0 -1 -1 4.0 -1 1.0 -1
a 60 257 4.0 -1 2.0 1.0 -1 -1 4.0 1.0 2.0 3.0
a 60 258 4.0 4.0 2.0 1.0 -1 -1 4.0 1.0 1.0 3.0
a 61 60 -1 -1 1.0 1.0 4.0 -1 -1 1.0 -1 -1
a 61 263 -1 4.0 1.0 1.0 -1 1.0 4.0 2.0 1.0 4.0
a 61 264 -1 4.0 -1 1.0 -1 -1 4.0 2.0 2.0 4.0
a 61 486 -1 4.0 2.0 2.0 4.0 -1 3.0 1.0 1.0 4.0
a 62 146 4.0 3.0 1.0 2.0 4.0 -1 3.0 1.0 1.0 -1
a 62 494 -1 4.0 1.0 1.0 4.0 -1 -1 -1 1.0 -1
a 63 62 1.0 4.0 -1 -1 -1 1.0 3.0 1.0 1.0 -1
a 63 493 -1 4.0 -1 2.0 3.0 1.0 4.0 1.0 1.0 4.0
a 64 162 4.0 -1 -1 1.0 4.0 4.0 4.0 -1 1.0 4.0
a 64 561 4.0 -1 -1 -1 4.0 -1 -1 1.0 1.0 -1
a 64 495 1.0 -1 1.0 2.0 4.0 -1 -1 1.0 1.0 4.0
a 65 185 -1 -1 1.0 1.0 4.0 1.0 -1 -1 1.0 4.0
a 512 68 4.0 3.0 1.0 1.0 4.0 -1 3.0 -1 1.0 3.0
a 66 513 -1 3.0 1.0 1.0 4.0 -1 -1 2.0 1.0 4.0
a 67 556 -1 -1 1.0 -1 -1 1.0 4.0 -1 -1 4.0
a 67 510 4.0 -1 2.0 1.0 4.0 -1 -1 -1 2.0 -1
a 67 312 -1 4.0 -1 -1 4.0 -1 4.0 -1 -1 4.0
a 67 513 4.0 3.0 1.0 -1 4.0 -1 4.0 1.0 1.0 4.0
a 68 453 4.0 4.0 -1 2.0 -1 1.0 4.0 1.0 -1 4.0
a 68 69 -1 -1 1.0 -1 4.0 -1 4.0 -1 1.0 4.0
a 68 72 4.0 4.0 1.0 -1 4.0 4.0 4.0 -1 1.0 3.0
a 69 381 -1 4.0 -1 1.0 4.0 4.0 4.0 2.0 -1 4.0
a 69 72 -1 3.0 -1 1.0 4.0 -1 3.0 -1 -1 3.0
a 69 312 1.0 -1 -1 1.0 -1 4.0 -1 2.0 1.0 3.0
a 70 53 4.0 4.0 2.0 1.0 3.0 -1 -1 2.0 1.0 4.0
a 70 308 -1 3.0 -1 -1 3.0 4.0 4.0 1.0 2.0 3.0
a 70 312 1.0 4.0 2.0 1.0 4.0 -1 3.0 1.0 2.0 4.0
a 71 66 4.0 4.0 -1 1.0 4.0 -1 -1 1.0 1.0 4.0
a 71 70 4.0 4.0 1.0 1.0 4.0 4.0 4.0 2.0 1.0 4.0
a 72 166 1.0 3.0 -1 2.0 -1 -1 -1 1.0 -1 4.0
a 73 66 -1 -1 1.0 2.0 4.0 1.0 3.0 1.0 -1 -1
a 74 382 -1 -1 1.0 1.0 4.0 1.0 4.0 1.0 -1 -1
a 74 73 -1 3.0 -1 1.0 4.0 4.0 4.0 -1 -1 -1
a 75 387 4.0 4.0 -1 -1 4.0 1.0 3.0 1.0 -1 -1
a 76 147 -1 4.0 1.0 -1 4.0 4.0 3.0 1.0 1.0 -1
a 76 75 -1 4.0 -1 1.0 -1 4.0 4.0 1.0 1.0 4.0
a 515 77 -1 4.0 2.0 1.0 4.0 -1 -1 -1 1.0 4.0
a 77 79 -1 4.0 -1 2.0 4.0 4.0 4.0 1.0 -1 -1
a 78 398 -1 -1 -1 2.0 4.0 -1 4.0 -1 1.0 -1
a 78 77 4.0 3.0 -1 -1 -1 4.0 -1 -1 1.0 4.0
a 78 394 -1 4.0 1.0 1.0 -1 4.0 4.0 1.0 1.0 4.0
a 79 83 -1 3.0 1.0 2.0 3.0 -1 -1 1.0 -1 -1
a 79 85 -1 4.0 -1 1.0 -1 -1 4.0 -1 2.0 -1
a 80 504 -1 -1 1.0 1.0 3.0 -1 -1 1.0 1.0 3.0
a 81 80 -1 -1 -1 -1 3.0 -1 4.0 1.0 1.0 4.0
a 81 85 1.0 -1 2.0 2.0 -1 1.0 3.0 2.0 2.0 4.0
a 82 83 -1 4.0 1.0 1.0 4.0 1.0 4.0 -1 1.0 -1
a 82 84 -1 -1 -1 2.0 -1 -1 4.0 1.0 1.0 4.0
a 83 87 1.0 3.0 1.0 1.0 4.0 1.0 3.0 2.0 2.0 4.0
a 84 224 -1 -1 -1 2.0 4.0 -1 -1 2.0 -1 -1
a 84 81 1.0 4.0 2.0 -1 4.0 1.0 3.0 1.0 -1 4.0
a 85 392 4.0 -1 1.0 1.0 3.0 4.0 4.0 1.0 1.0 4.0
a 85 82 -1 3.0 1.0 -1 -1 1.0 -1 1.0 -1 4.0
a 86 80 1.0 3.0 -1 1.0 -1 1.0 4.0 -1 1.0 4.0
a 86 84 -1 -1 1.0 -1 -1 -1 3.0 1.0 1.0 -1
a 87 88 4.0 -1 1.0 1.0 -1 -1 4.0 1.0 2.0 4.0
a 87 89 4.0 4.0 -1 -1 4.0 -1 4.0 -1 1.0 -1
a 88 231 1.0 4.0 1.0 2.0 4.0 1.0 4.0 2.0 1.0 -1
a 88 98 -1 3.0 1.0 1.0 -1 4.0 3.0 1.0 1.0 4.0
a 88 123 1.0 4.0 2.0 -1 3.0 -1 -1 2.0 -1 4.0
a 89 90 -1 3.0 1.0 -1 4.0 -1 4.0 -1 1.0 4.0
a 89 149 4.0 3.0 1.0 2.0 4.0 4.0 4.0 1.0 1.0 4.0
a 90 120 -1 3.0 2.0 1.0 4.0 1.0 4.0 1.0 -1 4.0
a 91 106 -1 -1 1.0 1.0 4.0 -1 4.0 -1 2.0 4.0
a 92 91 4.0 4.0 -1 1.0 3.0 -1 4.0 1.0 1.0 -1
a 92 102 4.0 4.0 1.0 -1 4.0 -1 4.0 1.0 1.0 -1
a 93 172 1.0 4.0 -1 2.0 4.0 -1 4.0 2.0 2.0 4.0
a 94 291 -1 -1 1.0 1.0 4.0 -1 -1 1.0 -1 4.0
a 94 93 1.0 4.0 2.0 1.0 4.0 4.0 3.0 2.0 -1 4.0
a 94 96 4.0 4.0 -1 -1 4.0 4.0 -1 -1 1.0 -1
a 95 96 -1 -1 2.0 -1 4.0 1.0 3.0 -1 2.0 -1
a 95 150 -1 4.0 2.0 1.0 4.0 -1 3.0 2.0 2.0 3.0
a 96 360 -1 4.0 2.0 2.0 -1 1.0 4.0 1.0 1.0 4.0
a 96 94 1.0 -1 1.0 1.0 4.0 4.0 4.0 1.0 -1 -1
a 97 86 1.0 -1 1.0 1.0 -1 -1 4.0 1.0 1.0 3.0
a 98 226 4.0 -1 1.0 1.0 4.0 -1 3.0 -1 -1 4.0
a 98 88 -1 4.0 -1 -1 4.0 4.0 -1 -1 2.0 4.0
a 98 97 -1 4.0 1.0 2.0 3.0 1.0 4.0 -1 2.0 4.0
a 99 98 -1 3.0 -1 -1 4.0 -1 4.0 1.0 -1 4.0
a 99 100 4.0 -1 -1 2.0 4.0 -1 -1 -1 1.0 4.0
a 100 230 1.0 4.0 -1 1.0 4.0 -1 3.0 2.0 -1 4.0
a 100 92 4.0 -1 -1 2.0 -1 -1 -1 -1 2.0 4.0
a 101 99 4.0 4.0 1.0 1.0 -1 -1 4.0 2.0 2.0 4.0
a 101 103 4.0 -1 -1 2.0 3.0 1.0 4.0 2.0 2.0 4.0
a 102 103 -1 -1 2.0 -1 4.0 4.0 4.0 -1 1.0 3.0
a 102 104 1.0 4.0 1.0 2.0 3.0 -1 -1 2.0 2.0 4.0
a 103 105 -1 4.0 -1 1.0 3.0 4.0 -1 1.0 -1 4.0
a 104 401 -1 -1 1.0 1.0 4.0 -1 4.0 1.0 1.0 -1
a 104 105 1.0 4.0 1.0 1.0 -1 4.0 -1 1.0 1.0 4.0
a 104 108 -1 4.0 -1 1.0 4.0 -1 3.0 1.0 1.0 3.0
a 105 178 1.0 4.0 1.0 -1 -1 -1 -1 -1 2.0 4.0
a 106 107 4.0 -1 1.0 2.0 -1 4.0 4.0 1.0 1.0 -1
a 106 117 -1 4.0 1.0 1.0 4.0 1.0 4.0 1.0 1.0 3.0
a 107 406 -1 -1 1.0 2.0 4.0 4.0 4.0 2.0 1.0 -1
a 107 149 -1 -1 2.0 1.0 4.0 -1 -1 1.0 -1 -1
a 108 226 4.0 -1 1.0 -1 4.0 -1 -1 2.0 1.0 -1
a 108 104 1.0 -1 1.0 -1 -1 1.0 4.0 1.0 1.0 -1
a 108 109 -1 -1 2.0 1.0 4.0 -1 3.0 -1 2.0 4.0
a 109 124 4.0 -1 -1 1.0 -1 -1 3.0 1.0 1.0 4.0
a 110 108 1.0 -1 2.0 1.0 4.0 -1 -1 1.0 -1 -1
a 110 109 4.0 -1 1.0 -1 4.0 -1 3.0 1.0 -1 4.0
a 111 115 -1 4.0 1.0 2.0 -1 -1 4.0 1.0 -1 4.0
a 111 119 1.0 -1 -1 -1 -1 -1 -1 2.0 2.0 -1
a 112 498 -1 4.0 -1 -1 -1 -1 3.0 1.0 2.0 -1
a 112 111 1.0 4.0 1.0 -1 4.0 -1 3.0 2.0 1.0 3.0
a 113 114 4.0 4.0 2.0 -1 4.0 -1 3.0 1.0 1.0 4.0
a 113 116 -1 4.0 2.0 1.0 4.0 1.0 -1 1.0 1.0 -1
a 114 153 -1 -1 1.0 1.0 -1 4.0 -1 -1 2.0 4.0
a 115 121 -1 -1 1.0 1.0 -1 1.0 -1 1.0 -1 4.0
a 116 491 1.0 4.0 1.0 -1 4.0 -1 3.0 2.0 -1 4.0
a 116 118 -1 3.0 1.0 1.0 -1 4.0 4.0 -1 1.0 -1
a 116 122 4.0 3.0 1.0 -1 4.0 1.0 -1 1.0 -1 3.0
a 117 344 -1 4.0 1.0 -1 -1 1.0 4.0 -1 2.0 -1
a 118 97 1.0 4.0 -1 1.0 4.0 1.0 3.0 2.0 1.0 4.0
a 119 93 -1 -1 -1 1.0 4.0 -1 -1 1.0 -1 4.0
a 120 91 -1 4.0 -1 1.0 -1 4.0 4.0 1.0 2.0 4.0
a 120 117 1.0 -1 1.0 1.0 -1 -1 -1 1.0 -1 4.0
a 121 273 1.0 4.0 -1 -1 4.0 1.0 4.0 2.0 1.0 4.0
a 121 175 -1 3.0 1.0 1.0 -1 1.0 4.0 -1 1.0 4.0
a 121 177 -1 -1 2.0 2.0 4.0 -1 4.0 1.0 -1 4.0
a 122 270 -1 -1 -1 -1 4.0 -1 4.0 1.0 -1 3.0
a 122 269 4.0 4.0 2.0 2.0 3.0 4.0 -1 1.0 2.0 -1
a 122 237 -1 4.0 1.0 -1 -1 1.0 4.0 1.0 1.0 3.0
a 123 90 1.0 4.0 1.0 1.0 -1 -1 -1 1.0 1.0 4.0
a 124 100 -1 4.0 -1 1.0 -1 1.0 4.0 1.0 1.0 3.0
a 124 123 1.0 3.0 1.0 -1 3.0 -1 4.0 2.0 1.0 4.0
a 125 138 -1 4.0 2.0 2.0 3.0 -1 4.0 1.0 1.0 -1
a 126 125 -1 4.0 -1 -1 4.0 -1 3.0 -1 1.0 -1
a 126 152 4.0 4.0 -1 1.0 -1 1.0 4.0 1.0 2.0 3.0
a 127 128 -1 -1 1.0 1.0 3.0 4.0 -1 2.0 1.0 3.0
a 127 131 -1 4.0 -1 2.0 -1 4.0 -1 1.0 -1 3.0
a 128 135 -1 4.0 -1 1.0 4.0 -1 4.0 -1 1.0 4.0
a 128 136 -1 4.0 1.0 2.0 4.0 1.0 -1 2.0 1.0 4.0
a 129 131 1.0 3.0 1.0 -1 -1 -1 4.0 -1 -1 -1
a 129 132 4.0 -1 1.0 1.0 -1 1.0 -1 -1 -1 3.0
a 130 362 4.0 -1 1.0 1.0 -1 4.0 -1 1.0 1.0 4.0
a 130 129 4.0 3.0 2.0 2.0 -1 -1 4.0 1.0 -1 -1
a 130 191 1.0 4.0 1.0 1.0 4.0 1.0 4.0 1.0 -1 4.0
a 131 151 4.0 -1 1.0 2.0 4.0 -1 3.0 1.0 2.0 4.0
a 132 111 1.0 -1 2.0 1.0 -1 4.0 -1 1.0 2.0 4.0
a 133 134 4.0 4.0 1.0 1.0 -1 -1 4.0 1.0 -1 4.0
a 133 138 4.0 -1 -1 1.0 4.0 4.0 4.0 -1 2.0 -1
a 134 137 -1 -1 2.0 -1 4.0 -1 -1 1.0 -1 -1
a 135 456 4.0 4.0 -1 1.0 4.0 -1 3.0 -1 1.0 4.0
a 135 184 -1 4.0 1.0 1.0 4.0 4.0 4.0 1.0 2.0 4.0
a 136 137 -1 4.0 1.0 1.0 3.0 -1 -1 1.0 1.0 4.0
a 137 58 -1 3.0 -1 -1 3.0 4.0 4.0 2.0 2.0 4.0
a 138 503 -1 4.0 1.0 2.0 3.0 1.0 -1 1.0 -1 4.0
a 517 502 1.0 4.0 1.0 1.0 4.0 -1 4.0 2.0 2.0 4.0
a 139 56 4.0 4.0 1.0 -1 -1 4.0 4.0 1.0 2.0 4.0
a 140 141 4.0 4.0 1.0 -1 4.0 1.0 4.0 1.0 1.0 3.0
a 140 139 -1 -1 1.0 -1 4.0 4.0 4.0 1.0 -1 -1
a 141 189 4.0 -1 1.0 -1 -1 -1 4.0 2.0 1.0 4.0
a 141 57 1.0 4.0 -1 1.0 4.0 -1 4.0 -1 1.0 -1
a 142 193 1.0 4.0 1.0 -1 -1 -1 -1 2.0 1.0 4.0
a 143 139 1.0 4.0 1.0 -1 4.0 1.0 -1 -1 1.0 4.0
a 143 194 4.0 4.0 1.0 2.0 4.0 -1 4.0 -1 -1 4.0
a 144 164 1.0 -1 -1 1.0 -1 -1 4.0 1.0 1.0 4.0
a 144 76 -1 4.0 -1 1.0 4.0 1.0 4.0 -1 1.0 4.0
a 145 55 4.0 4.0 1.0 2.0 -1 1.0 4.0 2.0 1.0 -1
a 146 147 1.0 3.0 1.0 -1 -1 -1 4.0 2.0 -1 4.0
a 147 71 4.0 3.0 2.0 2.0 4.0 -1 4.0 1.0 -1 -1
a 148 149 -1 3.0 -1 2.0 4.0 -1 3.0 2.0 1.0 4.0
a 148 153 4.0 4.0 -1 1.0 4.0 -1 -1 1.0 1.0 4.0
a 149 133 1.0 3.0 1.0 1.0 -1 1.0 -1 -1 -1 4.0
a 150 229 -1 -1 1.0 -1 -1 1.0 4.0 1.0 -1 3.0
a 150 148 4.0 -1 -1 1.0 3.0 -1 4.0 1.0 1.0 4.0
a 151 112 -1 4.0 1.0 2.0 3.0 -1 4.0 -1 1.0 -1
a 152 132 4.0 4.0 2.0 -1 4.0 4.0 4.0 -1 -1 -1
a 152 151 -1 4.0 2.0 -1 -1 4.0 3.0 1.0 1.0 4.0
a 153 154 4.0 4.0 -1 1.0 -1 -1 3.0 1.0 -1 4.0
a 154 456 1.0 -1 1.0 -1 4.0 -1 -1 1.0 2.0 4.0
a 154 134 -1 4.0 2.0 1.0 4.0 -1 4.0 2.0 1.0 3.0
a 155 452 -1 3.0 -1 1.0 4.0 -1 3.0 1.0 1.0 4.0
a 155 156 1.0 3.0 -1 -1 4.0 -1 3.0 1.0 2.0 4.0
a 155 430 -1 -1 -1 1.0 4.0 -1 4.0 1.0 1.0 4.0
a 156 157 1.0 -1 -1 1.0 -1 1.0 3.0 1.0 -1 4.0
a 156 457 -1 4.0 1.0 -1 -1 4.0 3.0 -1 1.0 3.0
a 156 155 4.0 -1 1.0 2.0 3.0 1.0 4.0 1.0 1.0 4.0
a 157 437 -1 4.0 1.0 1.0 -1 -1 -1 1.0 -1 -1
a 157 158 1.0 4.0 1.0 1.0 4.0 1.0 -1 -1 1.0 4.0
a 158 496 -1 3.0 2.0 1.0 4.0 1.0 4.0 2.0 -1 3.0
a 159 155 1.0 3.0 1.0 -1 4.0 4.0 4.0 -1 1.0 4.0
a 160 477 -1 4.0 -1 -1 3.0 -1 -1 1.0 2.0 4.0
a 160 159 -1 3.0 -1 1.0 4.0 4.0 4.0 1.0 -1 4.0
a 161 434 4.0 -1 1.0 1.0 3.0 -1 4.0 1.0 1.0 -1
a 161 63 -1 4.0 -1 1.0 4.0 -1 3.0 1.0 -1 4.0
a 162 434 1.0 4.0 2.0 1.0 -1 -1 -1 -1 2.0 4.0
a 162 64 -1 -1 2.0 -1 -1 -1 -1 1.0 1.0 3.0
a 162 65 -1 -1 1.0 -1 -1 1.0 -1 -1 2.0 4.0
a 163 146 4.0 -1 -1 2.0 4.0 1.0 -1 1.0 -1 3.0
a 163 164 -1 4.0 1.0 1.0 -1 1.0 4.0 2.0 1.0 4.0
a 164 489 1.0 -1 -1 -1 4.0 1.0 3.0 1.0 2.0 -1
a 165 169 4.0 4.0 2.0 2.0 -1 -1 3.0 1.0 1.0 4.0
a 166 165 -1 4.0 1.0 -1 -1 -1 3.0 -1 1.0 4.0
a 166 167 4.0 4.0 1.0 -1 4.0 -1 4.0 2.0 1.0 4.0
a 167 145 4.0 4.0 -1 1.0 4.0 4.0 4.0 -1 1.0 4.0
a 168 497 -1 4.0 -1 1.0 4.0 4.0 -1 -1 1.0 -1
a 169 168 4.0 -1 -1 2.0 4.0 -1 3.0 1.0 2.0 -1
a 169 170 1.0 -1 1.0 1.0 -1 -1 4.0 1.0 1.0 4.0
a 170 433 -1 4.0 1.0 -1 4.0 1.0 -1 2.0 1.0 4.0
a 520 173 -1 -1 -1 1.0 4.0 -1 -1 -1 1.0 4.0
a 521 359 1.0 4.0 -1 -1 4.0 1.0 -1 2.0 -1 4.0
a 521 174 -1 -1 2.0 1.0 4.0 -1 -1 1.0 -1 3.0
a 171 530 4.0 4.0 2.0 1.0 3.0 -1 3.0 1.0 1.0 3.0
a 171 519 1.0 4.0 -1 -1 4.0 1.0 -1 1.0 1.0 4.0
a 171 174 -1 -1 1.0 1.0 -1 1.0 4.0 -1 1.0 4.0
a 172 518 -1 4.0 2.0 2.0 3.0 1.0 -1 1.0 1.0 3.0
a 172 171 4.0 -1 1.0 2.0 4.0 4.0 -1 1.0 -1 -1
a 173 95 1.0 -1 2.0 1.0 4.0 1.0 4.0 2.0 -1 -1
a 174 359 -1 4.0 -1 2.0 4.0 -1 4.0 1.0 1.0 4.0
a 174 171 -1 3.0 1.0 -1 4.0 4.0 4.0 -1 1.0 4.0
a 174 173 1.0 4.0 -1 -1 3.0 -1 -1 1.0 1.0 4.0
a 175 290 1.0 -1 1.0 1.0 -1 -1 3.0 1.0 -1 3.0
a 175 113 1.0 3.0 1.0 1.0 3.0 -1 3.0 1.0 1.0 4.0
a 175 121 1.0 4.0 1.0 -1 -1 -1 4.0 -1 1.0 4.0
a 176 293 4.0 -1 1.0 1.0 4.0 -1 4.0 1.0 -1 4.0
a 176 177 -1 3.0 1.0 1.0 4.0 1.0 3.0 2.0 1.0 3.0
a 176 447 4.0 4.0 1.0 1.0 4.0 4.0 4.0 2.0 1.0 4.0
a 176 290 1.0 -1 -1 1.0 -1 4.0 4.0 2.0 1.0 -1
a 177 175 1.0 4.0 -1 -1 4.0 4.0 4.0 2.0 -1 4.0
a 177 176 -1 4.0 1.0 1.0 4.0 -1 3.0 1.0 -1 -1
a 178 179 1.0 3.0 2.0 2.0 -1 1.0 4.0 1.0 2.0 3.0
a 178 182 1.0 4.0 -1 1.0 4.0 4.0 -1 2.0 1.0 4.0
a 179 553 1.0 4.0 -1 -1 3.0 1.0 -1 1.0 1.0 3.0
a 179 445 4.0 -1 1.0 2.0 3.0 4.0 -1 1.0 -1 4.0
a 180 1 -1 -1 1.0 2.0 4.0 -1 3.0 1.0 2.0 4.0
a 180 445 1.0 3.0 1.0 1.0 4.0 -1 -1 2.0 2.0 -1
a 180 181 4.0 3.0 -1 1.0 4.0 -1 3.0 1.0 2.0 4.0
a 180 214 -1 4.0 1.0 1.0 -1 -1 -1 1.0 -1 4.0
a 181 110 4.0 4.0 -1 -1 4.0 -1 -1 2.0 1.0 -1
a 182 181 -1 -1 1.0 1.0 4.0 4.0 4.0 1.0 -1 3.0
a 182 183 -1 -1 1.0 -1 -1 4.0 4.0 1.0 2.0 3.0
a 522 183 1.0 -1 2.0 1.0 4.0 -1 4.0 1.0 -1 4.0
a 183 1 -1 4.0 1.0 -1 4.0 -1 4.0 1.0 1.0 4.0
a 183 505 -1 3.0 -1 1.0 -1 -1 4.0 -1 1.0 4.0
a 183 182 -1 4.0 1.0 1.0 4.0 4.0 -1 -1 2.0 4.0
a 183 522 1.0 3.0 -1 2.0 3.0 1.0 -1 -1 1.0 4.0
a 184 410 -1 -1 2.0 -1 3.0 4.0 3.0 1.0 2.0 4.0
a 184 412 4.0 4.0 1.0 2.0 4.0 -1 4.0 1.0 2.0 -1
a 184 450 1.0 4.0 -1 -1 4.0 1.0 3.0 1.0 1.0 4.0
a 185 524 4.0 4.0 1.0 -1 4.0 -1 4.0 2.0 1.0 4.0
a 185 187 1.0 4.0 -1 1.0 -1 -1 -1 -1 1.0 3.0
a 186 161 -1 3.0 1.0 -1 -1 -1 -1 1.0 -1 -1
a 523 186 -1 4.0 -1 1.0 -1 1.0 4.0 -1 -1 4.0
a 523 188 -1 4.0 -1 2.0 3.0 1.0 4.0 1.0 -1 3.0
a 187 446 1.0 4.0 2.0 2.0 4.0 -1 -1 2.0 1.0 -1
a 187 524 -1 -1 2.0 -1 4.0 4.0 4.0 1.0 -1 -1
a 187 188 4.0 3.0 1.0 1.0 3.0 4.0 4.0 2.0 2.0 3.0
a 188 562 -1 4.0 1.0 -1 4.0 1.0 -1 1.0 1.0 4.0
a 188 186 1.0 4.0 1.0 -1 4.0 -1 4.0 -1 -1 4.0
a 188 187 1.0 -1 2.0 1.0 -1 4.0 4.0 1.0 1.0 4.0
a 189 351 -1 -1 -1 2.0 4.0 1.0 -1 -1 2.0 -1
a 189 141 4.0 3.0 1.0 2.0 -1 1.0 4.0 -1 1.0 4.0
a 189 353 1.0 3.0 -1 1.0 -1 -1 4.0 1.0 1.0 4.0
a 189 190 1.0 4.0 -1 -1 3.0 -1 4.0 -1 -1 3.0
a 190 189 4.0 4.0 2.0 -1 -1 -1 4.0 1.0 -1 -1
a 190 193 4.0 -1 -1 1.0 4.0 -1 3.0 1.0 1.0 3.0
a 190 211 -1 -1 1.0 1.0 4.0 -1 3.0 1.0 1.0 3.0
a 190 280 1.0 4.0 1.0 -1 4.0 4.0 -1 -1 1.0 3.0
a 191 422 1.0 4.0 -1 1.0 4.0 -1 4.0 -1 1.0 4.0
a 191 130 -1 4.0 -1 -1 4.0 4.0 4.0 -1 2.0 3.0
a 191 192 -1 4.0 1.0 -1 4.0 4.0 4.0 -1 1.0 3.0
a 191 209 4.0 -1 -1 2.0 4.0 -1 -1 2.0 -1 3.0
a 192 10 1.0 4.0 -1 -1 4.0 4.0 -1 -1 2.0 -1
a 192 191 1.0 4.0 1.0 1.0 4.0 4.0 3.0 1.0 2.0 -1
a 192 279 -1 -1 2.0 2.0 3.0 -1 4.0 2.0 1.0 -1
a 193 143 -1 -1 1.0 1.0 -1 4.0 4.0 2.0 1.0 4.0
a 193 190 -1 4.0 1.0 -1 -1 1.0 4.0 1.0 -1 4.0
a 194 418 -1 4.0 1.0 1.0 -1 -1 3.0 1.0 1.0 -1
a 194 59 -1 3.0 1.0 1.0 3.0 4.0 -1 1.0 1.0 4.0
a 195 404 -1 -1 -1 1.0 -1 -1 -1 2.0 1.0 -1
a 195 196 4.0 -1 1.0 1.0 4.0 1.0 -1 1.0 -1 3.0
a 196 195 -1 -1 2.0 -1 4.0 1.0 -1 1.0 -1 4.0
a 196 197 1.0 4.0 1.0 1.0 3.0 1.0 -1 1.0 -1 4.0
a 196 36 1.0 4.0 1.0 1.0 4.0 4.0 -1 1.0 -1 4.0
a 197 424 -1 4.0 1.0 1.0 4.0 1.0 -1 1.0 -1 4.0
a 197 196 -1 4.0 -1 1.0 4.0 -1 4.0 1.0 1.0 4.0
a 197 407 4.0 3.0 -1 1.0 4.0 -1 4.0 -1 -1 4.0
a 197 198 1.0 -1 2.0 -1 4.0 -1 3.0 2.0 1.0 4.0
a 198 412 4.0 3.0 1.0 -1 -1 -1 4.0 -1 1.0 3.0
a 198 197 -1 -1 -1 1.0 4.0 -1 4.0 1.0 -1 4.0
a 198 204 4.0 -1 1.0 -1 4.0 -1 -1 -1 2.0 3.0
a 199 305 -1 -1 1.0 1.0 -1 1.0 3.0 1.0 1.0 4.0
a 199 200 1.0 -1 -1 -1 4.0 -1 -1 -1 -1 4.0
a 199 263 1.0 -1 -1 1.0 4.0 1.0 4.0 -1 2.0 -1
a 200 199 1.0 3.0 1.0 -1 4.0 4.0 3.0 1.0 1.0 4.0
a 200 201 1.0 4.0 1.0 1.0 4.0 -1 3.0 -1 2.0 4.0
a 200 32 -1 4.0 1.0 1.0 4.0 1.0 4.0 2.0 1.0 -1
a 200 34 4.0 4.0 -1 -1 4.0 -1 -1 -1 2.0 3.0
a 201 483 4.0 4.0 -1 1.0 4.0 1.0 3.0 1.0 1.0 4.0
a 201 200 -1 -1 1.0 -1 4.0 1.0 -1 2.0 1.0 4.0
a 201 206 -1 4.0 -1 -1 4.0 1.0 4.0 -1 -1 4.0
a 201 207 4.0 -1 2.0 2.0 4.0 -1 3.0 1.0 1.0 4.0
a 202 406 -1 3.0 -1 1.0 4.0 1.0 -1 1.0 -1 -1
a 202 270 1.0 4.0 -1 1.0 4.0 4.0 -1 1.0 -1 4.0
a 202 203 4.0 3.0 1.0 2.0 3.0 -1 -1 1.0 -1 4.0
a 203 202 1.0 3.0 -1 1.0 3.0 4.0 4.0 1.0 -1 -1
a 203 204 1.0 -1 1.0 1.0 3.0 4.0 3.0 1.0 1.0 4.0
a 203 42 4.0 -1 2.0 1.0 4.0 1.0 3.0 1.0 1.0 4.0
a 204 407 -1 4.0 1.0 1.0 3.0 4.0 -1 1.0 2.0 4.0
a 204 271 -1 4.0 1.0 1.0 -1 -1 4.0 1.0 1.0 -1
a 204 198 1.0 -1 1.0 1.0 -1 4.0 3.0 2.0 2.0 4.0
a 204 203 1.0 4.0 1.0 1.0 -1 1.0 -1 1.0 2.0 4.0
a 205 413 -1 -1 1.0 2.0 4.0 -1 4.0 1.0 1.0 -1
a 205 206 4.0 -1 1.0 1.0 -1 -1 4.0 1.0 1.0 3.0
a 205 408 4.0 -1 1.0 -1 4.0 -1 4.0 1.0 -1 -1
a 206 201 1.0 4.0 -1 -1 4.0 4.0 4.0 2.0 -1 4.0
a 206 205 4.0 4.0 1.0 -1 -1 4.0 3.0 1.0 1.0 4.0
a 206 34 -1 4.0 2.0 -1 4.0 -1 4.0 1.0 1.0 4.0
a 207 201 -1 -1 -1 2.0 4.0 4.0 3.0 2.0 -1 4.0
a 207 208 1.0 4.0 2.0 2.0 4.0 -1 4.0 -1 1.0 -1
a 207 32 -1 4.0 2.0 -1 3.0 -1 3.0 1.0 1.0 3.0
a 208 430 1.0 4.0 1.0 -1 4.0 1.0 -1 2.0 -1 -1
a 208 207 4.0 4.0 2.0 1.0 4.0 1.0 4.0 1.0 -1 -1
a 208 306 -1 4.0 -1 1.0 4.0 -1 -1 2.0 1.0 -1
a 208 500 4.0 3.0 -1 -1 4.0 4.0 -1 -1 -1 4.0
a 209 10 -1 -1 2.0 1.0 4.0 4.0 4.0 1.0 -1 3.0
a 209 191 -1 4.0 2.0 -1 4.0 1.0 3.0 1.0 -1 4.0
a 209 210 1.0 3.0 1.0 -1 3.0 1.0 4.0 1.0 1.0 -1
a 210 287 1.0 4.0 1.0 2.0 3.0 -1 -1 1.0 2.0 -1
a 210 209 1.0 3.0 -1 -1 -1 -1 -1 -1 1.0 4.0
a 210 286 -1 -1 2.0 1.0 3.0 -1 4.0 1.0 2.0 -1
a 211 14 4.0 4.0 2.0 1.0 -1 -1 4.0 1.0 1.0 4.0
a 211 190 -1 4.0 1.0 1.0 4.0 4.0 -1 1.0 1.0 3.0
a 211 212 -1 4.0 1.0 1.0 3.0 -1 4.0 -1 1.0 3.0
a 212 507 4.0 3.0 -1 1.0 4.0 4.0 3.0 2.0 1.0 -1
a 212 211 4.0 -1 1.0 -1 -1 1.0 3.0 1.0 -1 4.0
a 525 217 -1 4.0 -1 1.0 -1 -1 3.0 1.0 -1 3.0
a 527 213 -1 4.0 1.0 1.0 4.0 -1 4.0 -1 2.0 4.0
a 213 341 1.0 3.0 -1 -1 -1 1.0 -1 1.0 1.0 4.0
a 213 214 1.0 4.0 -1 1.0 -1 4.0 -1 1.0 -1 4.0
a 213 222 1.0 4.0 1.0 2.0 3.0 -1 4.0 1.0 1.0 -1
a 214 216 -1 3.0 1.0 -1 4.0 -1 4.0 -1 2.0 4.0
a 214 213 4.0 -1 -1 1.0 3.0 -1 4.0 1.0 2.0 3.0
a 214 180 -1 3.0 -1 2.0 4.0 -1 4.0 1.0 2.0 3.0
a 215 445 -1 4.0 2.0 -1 3.0 -1 -1 1.0 1.0 4.0
a 215 214 1.0 4.0 1.0 1.0 -1 -1 4.0 1.0 -1 4.0
a 216 1 -1 -1 -1 -1 4.0 -1 -1 1.0 1.0 -1
a 216 526 -1 4.0 -1 1.0 -1 4.0 3.0 2.0 1.0 4.0
a 217 355 1.0 -1 2.0 2.0 4.0 -1 3.0 1.0 1.0 -1
a 217 525 4.0 4.0 1.0 2.0 -1 -1 4.0 2.0 2.0 -1
a 217 218 4.0 4.0 1.0 1.0 4.0 1.0 4.0 1.0 1.0 4.0
a 218 217 4.0 4.0 -1 -1 3.0 1.0 4.0 -1 1.0 3.0
a 218 219 4.0 3.0 1.0 -1 -1 1.0 3.0 2.0 -1 4.0
a 218 3 -1 4.0 1.0 1.0 4.0 4.0 4.0 1.0 -1 -1
a 219 357 -1 3.0 2.0 2.0 3.0 -1 3.0 -1 -1 4.0
a 219 220 1.0 3.0 2.0 1.0 4.0 4.0 4.0 -1 1.0 4.0
a 219 218 1.0 4.0 1.0 2.0 4.0 4.0 3.0 1.0 -1 3.0
a 220 400 1.0 -1 1.0 1.0 3.0 1.0 4.0 -1 1.0 4.0
a 220 221 4.0 4.0 -1 1.0 4.0 -1 4.0 1.0 -1 3.0
a 220 358 4.0 4.0 -1 -1 4.0 1.0 -1 1.0 -1 -1
a 220 219 -1 -1 1.0 -1 -1 -1 4.0 1.0 -1 -1
a 221 358 1.0 4.0 1.0 1.0 4.0 -1 -1 -1 2.0 4.0
a 221 227 4.0 3.0 -1 -1 3.0 -1 -1 -1 -1 3.0
a 221 220 -1 -1 -1 -1 -1 -1 3.0 2.0 1.0 -1
a 222 223 -1 4.0 1.0 1.0 4.0 4.0 3.0 1.0 1.0 -1
a 222 47 -1 4.0 1.0 1.0 -1 -1 4.0 2.0 1.0 4.0
a 223 339 -1 -1 1.0 1.0 4.0 -1 3.0 1.0 -1 4.0
a 223 81 -1 -1 1.0 2.0 3.0 -1 4.0 2.0 -1 4.0
a 223 224 1.0 4.0 1.0 -1 -1 4.0 4.0 -1 1.0 -1
a 224 215 -1 3.0 1.0 1.0 3.0 -1 -1 2.0 -1 -1
a 224 223 -1 4.0 1.0 1.0 4.0 4.0 4.0 1.0 1.0 4.0
a 224 225 1.0 -1 -1 -1 -1 -1 4.0 1.0 1.0 -1
a 225 399 4.0 3.0 1.0 1.0 3.0 1.0 3.0 1.0 1.0 4.0
a 225 224 1.0 4.0 1.0 1.0 4.0 4.0 -1 1.0 -1 4.0
a 225 355 -1 3.0 1.0 -1 3.0 -1 3.0 -1 1.0 -1
a 225 226 -1 3.0 2.0 1.0 4.0 -1 4.0 -1 1.0 -1
a 226 98 -1 4.0 1.0 1.0 3.0 -1 3.0 -1 2.0 -1
a 226 108 4.0 -1 1.0 1.0 3.0 -1 4.0 1.0 -1 4.0
a 226 225 -1 4.0 -1 2.0 -1 4.0 4.0 1.0 2.0 4.0
a 227 401 -1 4.0 -1 1.0 4.0 -1 4.0 -1 1.0 3.0
a 227 221 1.0 4.0 1.0 -1 4.0 -1 4.0 1.0 -1 -1
a 227 360 -1 4.0 2.0 1.0 -1 -1 4.0 1.0 -1 4.0
a 228 229 -1 4.0 1.0 1.0 -1 1.0 -1 1.0 1.0 -1
a 228 230 -1 -1 1.0 -1 -1 -1 3.0 -1 -1 4.0
a 228 43 -1 3.0 -1 1.0 -1 -1 -1 1.0 1.0 -1
a 229 228 -1 4.0 1.0 1.0 4.0 4.0 -1 -1 -1 -1
a 229 237 -1 -1 2.0 -1 -1 -1 4.0 1.0 1.0 4.0
a 230 100 4.0 4.0 -1 1.0 3.0 4.0 -1 1.0 1.0 -1
a 230 231 -1 -1 -1 1.0 4.0 -1 4.0 1.0 1.0 4.0
a 230 228 4.0 3.0 1.0 1.0 4.0 -1 -1 1.0 -1 -1
a 230 234 1.0 4.0 1.0 1.0 3.0 1.0 -1 -1 1.0 4.0
a 231 88 -1 4.0 2.0 1.0 -1 4.0 -1 1.0 1.0 3.0
a 231 230 -1 4.0 1.0 -1 3.0 4.0 4.0 -1 1.0 4.0
a 231 232 -1 4.0 1.0 1.0 4.0 4.0 4.0 1.0 2.0 4.0
a 232 233 1.0 3.0 1.0 1.0 4.0 1.0 4.0 -1 1.0 3.0
a 232 231 -1 3.0 1.0 1.0 4.0 1.0 3.0 1.0 -1 -1
a 232 247 1.0 3.0 1.0 1.0 4.0 1.0 -1 1.0 1.0 -1
a 232 44 1.0 -1 2.0 -1 3.0 4.0 -1 1.0 1.0 -1
a 233 240 -1 4.0 -1 1.0 4.0 4.0 3.0 2.0 1.0 4.0
a 233 235 4.0 -1 2.0 1.0 4.0 4.0 -1 -1 1.0 -1
a 233 232 -1 -1 -1 1.0 3.0 4.0 -1 -1 1.0 4.0
a 234 233 -1 -1 1.0 1.0 3.0 -1 3.0 1.0 -1 4.0
a 234 43 -1 4.0 -1 -1 -1 4.0 -1 1.0 -1 3.0
a 235 233 -1 4.0 -1 1.0 3.0 -1 -1 -1 2.0 -1
a 235 236 4.0 -1 -1 2.0 4.0 -1 3.0 1.0 1.0 3.0
a 235 43 4.0 4.0 1.0 1.0 4.0 1.0 4.0 2.0 -1 4.0
a 236 239 4.0 -1 1.0 1.0 -1 4.0 4.0 1.0 1.0 3.0
a 236 238 4.0 4.0 1.0 -1 -1 -1 -1 1.0 -1 3.0
a 236 235 4.0 4.0 2.0 1.0 4.0 1.0 3.0 1.0 2.0 4.0
a 236 241 -1 -1 -1 -1 4.0 1.0 3.0 1.0 1.0 -1
a 237 119 -1 -1 1.0 -1 4.0 4.0 -1 2.0 1.0 -1
a 237 122 -1 -1 1.0 1.0 4.0 -1 -1 -1 1.0 -1
a 237 229 -1 3.0 1.0 -1 3.0 4.0 -1 1.0 -1 -1
a 237 239 -1 -1 1.0 -1 4.0 -1 4.0 -1 1.0 3.0
a 238 229 -1 3.0 1.0 1.0 -1 4.0 4.0 -1 -1 -1
a 238 43 1.0 3.0 2.0 1.0 3.0 -1 4.0 1.0 1.0 -1
a 239 246 4.0 4.0 -1 1.0 4.0 4.0 4.0 1.0 1.0 4.0
a 239 236 1.0 4.0 -1 1.0 4.0 -1 3.0 1.0 -1 4.0
a 239 242 1.0 -1 1.0 2.0 4.0 4.0 4.0 1.0 -1 -1
a 239 237 4.0 4.0 1.0 -1 -1 4.0 -1 -1 -1 4.0
a 240 241 -1 3.0 2.0 1.0 -1 1.0 3.0 1.0 1.0 4.0
a 240 248 1.0 4.0 -1 1.0 4.0 -1 3.0 2.0 2.0 4.0
a 240 254 -1 -1 -1 2.0 -1 1.0 -1 -1 1.0 4.0
a 240 233 -1 4.0 -1 1.0 4.0 -1 4.0 1.0 -1 3.0
a 241 240 -1 4.0 2.0 1.0 -1 -1 4.0 1.0 2.0 4.0
a 241 242 1.0 -1 -1 1.0 4.0 1.0 -1 2.0 1.0 -1
a 241 244 -1 3.0 -1 -1 -1 4.0 -1 1.0 -1 4.0
a 241 236 1.0 4.0 2.0 2.0 4.0 -1 4.0 -1 2.0 -1
a 242 487 -1 -1 1.0 -1 3.0 -1 -1 2.0 1.0 4.0
a 242 239 1.0 -1 1.0 1.0 3.0 4.0 4.0 1.0 1.0 -1
a 242 243 -1 4.0 1.0 -1 4.0 1.0 -1 -1 2.0 -1
a 242 241 1.0 4.0 1.0 1.0 4.0 -1 3.0 1.0 -1 -1
a 243 272 -1 4.0 1.0 -1 -1 1.0 4.0 -1 2.0 3.0
a 243 242 -1 4.0 2.0 1.0 -1 4.0 -1 2.0 -1 3.0
a 243 246 1.0 4.0 -1 -1 3.0 1.0 4.0 1.0 1.0 4.0
a 243 258 4.0 -1 1.0 1.0 -1 -1 4.0 1.0 1.0 4.0
a 244 241 1.0 -1 1.0 1.0 -1 -1 4.0 1.0 -1 4.0
a 244 245 4.0 4.0 1.0 2.0 4.0 -1 -1 1.0 2.0 4.0
a 244 38 -1 3.0 1.0 1.0 4.0 -1 4.0 1.0 1.0 4.0
a 245 244 1.0 -1 1.0 1.0 -1 -1 -1 1.0 1.0 4.0
a 245 253 -1 3.0 -1 -1 -1 4.0 3.0 -1 -1 4.0
a 245 256 -1 -1 2.0 1.0 -1 4.0 4.0 -1 2.0 -1
a 245 257 1.0 -1 -1 -1 -1 -1 4.0 -1 1.0 -1
a 246 239 -1 4.0 -1 1.0 4.0 -1 4.0 -1 1.0 4.0
a 246 243 -1 3.0 -1 1.0 -1 -1 4.0 1.0 1.0 3.0
a 246 271 4.0 4.0 -1 1.0 3.0 1.0 3.0 -1 2.0 3.0
a 246 269 4.0 -1 2.0 1.0 -1 -1 -1 1.0 -1 4.0
a 247 232 4.0 4.0 -1 1.0 -1 -1 4.0 1.0 1.0 3.0
a 247 248 -1 -1 1.0 1.0 4.0 -1 4.0 1.0 -1 -1
a 247 249 4.0 -1 -1 1.0 4.0 -1 3.0 2.0 -1 4.0
a 248 240 1.0 4.0 2.0 1.0 3.0 -1 4.0 -1 2.0 -1
a 248 247 1.0 4.0 1.0 1.0 4.0 -1 -1 1.0 1.0 4.0
a 248 41 1.0 4.0 1.0 -1 3.0 -1 3.0 1.0 1.0 4.0
a 249 247 -1 4.0 2.0 2.0 4.0 -1 -1 1.0 1.0 -1
a 249 250 -1 -1 -1 1.0 -1 -1 4.0 1.0 -1 4.0
a 249 41 -1 4.0 1.0 -1 3.0 -1 4.0 -1 -1 4.0
a 250 249 4.0 4.0 1.0 2.0 4.0 -1 -1 2.0 2.0 -1
a 250 252 1.0 -1 -1 1.0 4.0 -1 4.0 1.0 -1 -1
a 250 251 -1 -1 -1 1.0 -1 -1 -1 2.0 2.0 4.0
a 251 471 4.0 3.0 1.0 -1 4.0 4.0 4.0 -1 2.0 4.0
a 251 250 -1 3.0 -1 1.0 3.0 1.0 3.0 -1 2.0 4.0
a 251 333 1.0 4.0 -1 -1 4.0 1.0 4.0 2.0 -1 4.0
a 251 259 -1 3.0 -1 1.0 4.0 -1 4.0 1.0 2.0 3.0
a 252 250 -1 -1 -1 2.0 4.0 4.0 3.0 -1 -1 4.0
a 252 253 -1 4.0 2.0 -1 4.0 -1 4.0 -1 -1 4.0
a 252 41 4.0 -1 -1 1.0 4.0 4.0 4.0 -1 -1 4.0
a 253 245 4.0 4.0 1.0 2.0 4.0 -1 -1 -1 1.0 4.0
a 253 252 -1 4.0 1.0 -1 4.0 -1 -1 1.0 1.0 4.0
a 253 255 1.0 4.0 1.0 1.0 -1 -1 4.0 1.0 1.0 4.0
a 253 254 1.0 4.0 2.0 1.0 4.0 -1 4.0 -1 1.0 4.0
a 254 240 -1 4.0 1.0 1.0 4.0 1.0 4.0 1.0 2.0 4.0
a 254 253 1.0 -1 -1 2.0 -1 -1 4.0 2.0 -1 4.0
a 254 41 1.0 3.0 -1 1.0 4.0 1.0 4.0 1.0 1.0 4.0
a 255 471 -1 4.0 -1 1.0 -1 4.0 3.0 1.0 1.0 -1
a 255 256 -1 4.0 1.0 2.0 4.0 1.0 -1 -1 -1 -1
a 255 253 1.0 4.0 1.0 1.0 4.0 4.0 -1 1.0 1.0 4.0
a 255 261 -1 -1 1.0 1.0 3.0 -1 -1 1.0 1.0 -1
a 256 486 4.0 4.0 2.0 -1 -1 1.0 3.0 1.0 1.0 3.0
a 256 245 -1 4.0 1.0 2.0 -1 -1 -1 1.0 2.0 4.0
a 256 255 -1 4.0 -1 1.0 4.0 4.0 4.0 -1 1.0 3.0
a 256 267 -1 4.0 -1 -1 -1 1.0 -1 -1 1.0 4.0
a 257 487 -1 4.0 1.0 1.0 4.0 4.0 4.0 -1 1.0 -1
a 257 245 4.0 4.0 1.0 1.0 -1 -1 4.0 -1 1.0 3.0
a 257 486 1.0 4.0 1.0 -1 4.0 1.0 4.0 1.0 2.0 4.0
a 257 60 -1 4.0 -1 1.0 -1 -1 -1 -1 -1 4.0
a 258 243 4.0 3.0 -1 -1 4.0 4.0 4.0 1.0 -1 3.0
a 258 60 -1 4.0 -1 2.0 4.0 4.0 -1 -1 2.0 4.0
a 258 37 4.0 4.0 1.0 1.0 3.0 1.0 4.0 2.0 1.0 -1
a 259 260 -1 -1 -1 -1 4.0 -1 4.0 1.0 1.0 -1
a 259 251 4.0 4.0 1.0 1.0 4.0 -1 4.0 1.0 -1 3.0
a 259 24 4.0 -1 -1 -1 3.0 -1 4.0 1.0 -1 4.0
a 260 461 -1 3.0 1.0 1.0 4.0 4.0 4.0 2.0 1.0 -1
a 260 259 -1 4.0 1.0 1.0 3.0 4.0 4.0 1.0 1.0 -1
a 260 332 -1 4.0 -1 1.0 4.0 1.0 4.0 2.0 1.0 4.0
a 260 265 4.0 -1 1.0 2.0 4.0 -1 4.0 -1 1.0 4.0
a 261 255 -1 4.0 1.0 1.0 3.0 -1 4.0 -1 1.0 4.0
a 261 262 4.0 3.0 1.0 2.0 -1 -1 -1 1.0 1.0 -1
a 261 40 4.0 -1 1.0 2.0 4.0 -1 -1 2.0 -1 3.0
a 262 482 1.0 4.0 1.0 -1 3.0 -1 4.0 1.0 1.0 4.0
a 262 261 1.0 3.0 -1 1.0 3.0 -1 4.0 1.0 2.0 4.0
a 262 265 -1 4.0 -1 1.0 4.0 -1 4.0 1.0 2.0 4.0
a 262 266 4.0 -1 -1 -1 -1 -1 4.0 1.0 2.0 3.0
a 263 34 4.0 4.0 1.0 -1 4.0 1.0 4.0 1.0 -1 4.0
a 263 199 -1 4.0 1.0 -1 4.0 1.0 -1 1.0 2.0 4.0
a 263 61 -1 4.0 1.0 1.0 -1 1.0 -1 1.0 1.0 4.0
a 263 39 -1 4.0 2.0 2.0 4.0 -1 -1 2.0 1.0 -1
a 264 413 -1 -1 1.0 2.0 4.0 4.0 4.0 -1 1.0 4.0
a 264 34 4.0 -1 2.0 2.0 -1 1.0 4.0 2.0 -1 -1
a 264 61 -1 4.0 2.0 1.0 -1 4.0 3.0 -1 1.0 3.0
a 265 462 1.0 -1 1.0 -1 -1 -1 4.0 -1 1.0 -1
a 265 260 1.0 4.0 1.0 -1 4.0 -1 -1 1.0 -1 4.0
a 265 470 4.0 -1 1.0 -1 4.0 4.0 3.0 1.0 1.0 4.0
a 265 262 -1 4.0 2.0 1.0 4.0 -1 4.0 2.0 2.0 4.0
a 266 262 -1 4.0 -1 1.0 4.0 -1 3.0 -1 -1 4.0
a 266 267 -1 4.0 -1 -1 4.0 -1 4.0 -1 -1 4.0
a 266 25 1.0 4.0 1.0 1.0 -1 4.0 4.0 1.0 1.0 4.0
a 267 484 4.0 4.0 1.0 1.0 4.0 -1 -1 2.0 2.0 4.0
a 267 256 -1 4.0 1.0 1.0 4.0 1.0 4.0 -1 1.0 4.0
a 267 266 -1 -1 2.0 1.0 4.0 -1 4.0 -1 1.0 -1
a 267 268 -1 4.0 1.0 -1 3.0 -1 -1 1.0 1.0 4.0
a 268 485 4.0 -1 1.0 1.0 4.0 -1 3.0 1.0 1.0 -1
a 268 267 -1 4.0 1.0 -1 3.0 -1 4.0 -1 1.0 4.0
a 268 305 1.0 3.0 1.0 1.0 4.0 -1 -1 -1 1.0 4.0
a 268 476 1.0 4.0 -1 2.0 -1 4.0 -1 1.0 -1 -1
a 269 122 1.0 -1 -1 -1 -1 -1 -1 1.0 1.0 4.0
a 269 246 -1 4.0 1.0 1.0 3.0 4.0 -1 1.0 1.0 4.0
a 269 42 -1 -1 -1 1.0 4.0 -1 4.0 1.0 1.0 4.0
a 270 344 -1 -1 1.0 1.0 -1 1.0 -1 -1 1.0 -1
a 270 122 4.0 4.0 1.0 -1 -1 -1 -1 1.0 -1 3.0
a 270 202 -1 -1 1.0 1.0 -1 -1 4.0 2.0 1.0 4.0
a 270 42 1.0 -1 -1 1.0 4.0 -1 3.0 1.0 2.0 4.0
a 271 246 -1 4.0 1.0 2.0 -1 -1 4.0 2.0 1.0 4.0
a 271 204 -1 -1 1.0 -1 4.0 -1 4.0 -1 -1 -1
a 271 42 -1 3.0 -1 -1 3.0 1.0 4.0 -1 -1 -1
a 272 412 1.0 4.0 1.0 -1 -1 -1 4.0 1.0 -1 4.0
a 272 243 -1 4.0 1.0 1.0 3.0 -1 -1 -1 -1 3.0
a 272 37 1.0 -1 1.0 2.0 -1 -1 4.0 -1 1.0 -1
a 273 347 -1 -1 1.0 -1 -1 1.0 4.0 -1 -1 3.0
a 273 121 -1 -1 2.0 1.0 3.0 -1 4.0 1.0 -1 4.0
a 273 274 1.0 -1 -1 2.0 3.0 4.0 -1 -1 1.0 -1
a 274 402 -1 -1 1.0 -1 4.0 1.0 -1 1.0 -1 -1
a 274 273 -1 4.0 1.0 -1 -1 -1 3.0 -1 -1 3.0
a 274 7 -1 -1 1.0 1.0 4.0 4.0 3.0 1.0 1.0 4.0
a 274 275 4.0 4.0 1.0 1.0 -1 1.0 -1 1.0 1.0 3.0
a 275 350 4.0 3.0 -1 2.0 4.0 -1 4.0 -1 -1 3.0
a 275 274 -1 3.0 -1 -1 3.0 -1 3.0 1.0 2.0 3.0
a 275 349 -1 -1 1.0 -1 4.0 -1 4.0 1.0 2.0 -1
a 275 403 4.0 -1 -1 1.0 4.0 4.0 -1 1.0 2.0 4.0
a 276 277 -1 4.0 1.0 1.0 4.0 1.0 4.0 1.0 -1 -1
a 276 278 -1 4.0 1.0 -1 -1 1.0 -1 1.0 1.0 -1
a 276 30 4.0 4.0 -1 -1 3.0 1.0 4.0 1.0 2.0 4.0
a 277 483 1.0 -1 -1 -1 -1 1.0 4.0 1.0 -1 3.0
a 277 276 -1 -1 -1 -1 4.0 4.0 3.0 1.0 1.0 -1
a 277 419 -1 4.0 1.0 2.0 -1 1.0 4.0 -1 1.0 4.0
a 277 425 1.0 -1 -1 2.0 4.0 4.0 4.0 1.0 2.0 -1
a 278 276 -1 3.0 -1 1.0 4.0 1.0 4.0 1.0 2.0 4.0
a 278 417 -1 -1 1.0 1.0 -1 -1 4.0 1.0 1.0 4.0
a 278 279 -1 -1 1.0 -1 4.0 1.0 4.0 1.0 1.0 4.0
a 279 354 -1 4.0 2.0 2.0 4.0 -1 4.0 -1 1.0 4.0
a 279 278 -1 4.0 -1 1.0 4.0 -1 4.0 1.0 1.0 -1
a 279 353 4.0 -1 2.0 1.0 -1 -1 4.0 -1 1.0 3.0
a 279 192 4.0 3.0 1.0 -1 -1 -1 4.0 -1 2.0 3.0
a 280 535 1.0 4.0 2.0 2.0 -1 -1 -1 -1 1.0 4.0
a 280 281 -1 3.0 -1 1.0 4.0 1.0 -1 1.0 2.0 4.0
a 280 14 4.0 4.0 1.0 1.0 -1 1.0 4.0 1.0 -1 3.0
a 280 190 -1 -1 1.0 1.0 4.0 -1 3.0 2.0 1.0 4.0
a 281 282 4.0 3.0 2.0 1.0 4.0 -1 4.0 1.0 1.0 -1
a 281 280 4.0 4.0 -1 -1 -1 -1 -1 1.0 1.0 -1
a 281 506 1.0 4.0 1.0 2.0 3.0 4.0 3.0 -1 1.0 -1
a 282 352 4.0 -1 2.0 1.0 4.0 4.0 -1 -1 2.0 3.0
a 282 281 -1 3.0 1.0 1.0 -1 4.0 -1 -1 -1 -1
a 282 351 1.0 4.0 -1 -1 4.0 1.0 -1 -1 -1 -1
a 282 283 1.0 -1 1.0 1.0 4.0 1.0 -1 1.0 1.0 -1
a 528 283 -1 4.0 1.0 2.0 -1 4.0 -1 2.0 -1 3.0
a 283 449 -1 -1 -1 1.0 4.0 -1 4.0 1.0 1.0 -1
a 283 528 -1 4.0 -1 1.0 4.0 1.0 -1 1.0 -1 -1
a 283 554 4.0 4.0 2.0 1.0 -1 4.0 -1 -1 1.0 -1
a 283 282 -1 4.0 -1 1.0 4.0 1.0 4.0 -1 1.0 -1
a 529 284 -1 4.0 1.0 1.0 4.0 1.0 4.0 -1 1.0 4.0
a 284 449 4.0 3.0 2.0 2.0 3.0 -1 4.0 2.0 1.0 3.0
a 284 529 4.0 -1 2.0 2.0 3.0 4.0 -1 1.0 1.0 4.0
a 284 414 -1 -1 1.0 1.0 -1 4.0 4.0 1.0 1.0 3.0
a 284 285 -1 4.0 -1 2.0 3.0 1.0 3.0 -1 1.0 4.0
a 285 352 -1 4.0 -1 1.0 -1 4.0 4.0 1.0 -1 4.0
a 285 286 1.0 3.0 1.0 -1 3.0 4.0 -1 1.0 -1 4.0
a 285 354 -1 4.0 1.0 1.0 4.0 -1 -1 1.0 2.0 4.0
a 285 284 -1 -1 1.0 1.0 4.0 -1 4.0 1.0 2.0 3.0
a 286 414 1.0 -1 1.0 -1 -1 -1 4.0 1.0 2.0 3.0
a 286 285 1.0 4.0 -1 -1 4.0 4.0 3.0 1.0 -1 3.0
a 286 10 -1 4.0 1.0 -1 3.0 1.0 4.0 2.0 -1 4.0
a 286 210 -1 4.0 2.0 -1 4.0 -1 4.0 1.0 1.0 3.0
a 287 9 1.0 4.0 1.0 1.0 4.0 -1 -1 -1 2.0 4.0
a 287 288 -1 4.0 -1 1.0 -1 -1 3.0 1.0 1.0 -1
a 287 210 1.0 3.0 1.0 1.0 -1 -1 3.0 -1 -1 -1
a 288 348 -1 3.0 -1 1.0 -1 -1 4.0 -1 1.0 -1
a 288 287 -1 4.0 1.0 -1 4.0 1.0 -1 2.0 1.0 3.0
a 288 296 1.0 3.0 2.0 2.0 3.0 -1 3.0 1.0 2.0 4.0
a 288 297 -1 3.0 -1 2.0 3.0 -1 3.0 1.0 -1 4.0
a 530 171 4.0 -1 1.0 2.0 4.0 4.0 4.0 1.0 -1 -1
a 530 289 1.0 -1 2.0 2.0 -1 -1 4.0 1.0 1.0 4.0
a 289 290 4.0 -1 1.0 -1 -1 -1 3.0 -1 -1 -1
a 289 292 1.0 3.0 1.0 1.0 4.0 4.0 3.0 1.0 1.0 3.0
a 289 291 1.0 -1 1.0 1.0 -1 1.0 3.0 1.0 1.0 4.0
a 289 530 4.0 -1 1.0 1.0 4.0 4.0 4.0 1.0 -1 4.0
a 290 289 -1 4.0 1.0 1.0 -1 -1 4.0 1.0 1.0 -1
a 290 175 -1 4.0 1.0 2.0 3.0 1.0 4.0 2.0 1.0 3.0
a 290 176 1.0 4.0 1.0 -1 4.0 4.0 4.0 1.0 -1 3.0
a 290 291 -1 -1 1.0 -1 4.0 -1 4.0 1.0 -1 -1
a 291 448 -1 4.0 2.0 1.0 4.0 1.0 -1 2.0 1.0 4.0
a 291 94 1.0 4.0 2.0 1.0 3.0 -1 4.0 1.0 1.0 4.0
a 291 290 -1 3.0 1.0 1.0 4.0 -1 -1 1.0 1.0 4.0
a 291 289 -1 4.0 1.0 -1 4.0 -1 -1 2.0 1.0 4.0
a 292 531 1.0 3.0 -1 1.0 4.0 -1 4.0 -1 -1 4.0
a 292 5 -1 3.0 1.0 1.0 3.0 -1 -1 1.0 1.0 -1
a 292 289 -1 -1 -1 1.0 4.0 1.0 -1 1.0 1.0 4.0
a 531 292 4.0 4.0 1.0 1.0 3.0 4.0 3.0 -1 1.0 -1
a 293 550 -1 4.0 1.0 -1 -1 -1 4.0 1.0 1.0 4.0
a 293 176 -1 4.0 1.0 -1 4.0 -1 4.0 2.0 1.0 3.0
a 293 552 -1 3.0 -1 1.0 4.0 4.0 -1 -1 1.0 3.0
a 293 294 -1 4.0 -1 -1 3.0 4.0 -1 1.0 1.0 3.0
a 294 345 -1 -1 1.0 -1 4.0 -1 4.0 2.0 2.0 -1
a 294 293 1.0 4.0 1.0 -1 -1 1.0 4.0 1.0 -1 4.0
a 294 347 -1 4.0 1.0 1.0 -1 4.0 3.0 -1 1.0 4.0
a 294 346 1.0 4.0 1.0 2.0 4.0 -1 4.0 1.0 -1 4.0
a 532 346 -1 4.0 -1 -1 4.0 1.0 4.0 -1 2.0 3.0
a 533 295 1.0 4.0 1.0 2.0 4.0 1.0 4.0 1.0 1.0 4.0
a 295 297 -1 3.0 2.0 2.0 4.0 4.0 4.0 -1 1.0 -1
a 295 361 -1 4.0 1.0 -1 3.0 -1 3.0 1.0 -1 -1
a 295 533 4.0 4.0 2.0 -1 4.0 -1 -1 -1 1.0 4.0
a 295 296 -1 -1 1.0 1.0 4.0 -1 4.0 1.0 1.0 -1
a 296 350 -1 3.0 2.0 -1 4.0 1.0 3.0 -1 -1 -1
a 296 288 4.0 4.0 -1 -1 3.0 -1 4.0 1.0 1.0 -1
a 296 345 1.0 -1 1.0 -1 3.0 -1 3.0 -1 -1 -1
a 296 295 -1 -1 1.0 1.0 4.0 1.0 -1 -1 1.0 -1
a 297 415 4.0 3.0 1.0 -1 3.0 -1 4.0 1.0 -1 3.0
a 297 288 1.0 -1 1.0 -1 4.0 -1 4.0 1.0 -1 3.0
a 297 534 4.0 4.0 -1 -1 4.0 -1 4.0 1.0 -1 4.0
a 297 295 4.0 -1 2.0 2.0 4.0 4.0 4.0 1.0 1.0 4.0
a 534 297 -1 3.0 1.0 2.0 4.0 1.0 3.0 2.0 1.0 3.0
a 535 280 4.0 -1 2.0 2.0 -1 -1 3.0 2.0 -1 4.0
a 536 12 -1 -1 -1 1.0 4.0 1.0 -1 2.0 1.0 4.0
a 298 300 -1 4.0 -1 2.0 -1 4.0 4.0 1.0 -1 4.0
a 298 299 -1 4.0 2.0 -1 -1 1.0 4.0 1.0 1.0 4.0
a 298 17 1.0 -1 2.0 2.0 4.0 -1 4.0 1.0 1.0 3.0
a 299 368 -1 4.0 -1 1.0 -1 -1 -1 1.0 1.0 4.0
a 299 298 1.0 4.0 1.0 2.0 -1 -1 3.0 1.0 1.0 3.0
a 299 538 -1 -1 1.0 -1 4.0 -1 4.0 1.0 2.0 -1
a 299 301 1.0 3.0 -1 1.0 4.0 1.0 -1 1.0 1.0 4.0
a 300 363 -1 3.0 2.0 1.0 4.0 -1 4.0 1.0 2.0 4.0
a 300 537 -1 3.0 1.0 2.0 4.0 1.0 4.0 1.0 1.0 4.0
a 300 367 4.0 3.0 -1 2.0 -1 4.0 -1 -1 -1 4.0
a 300 298 -1 4.0 2.0 -1 -1 -1 -1 1.0 1.0 4.0
a 537 300 -1 4.0 1.0 2.0 4.0 1.0 -1 2.0 1.0 3.0
a 538 299 1.0 3.0 1.0 1.0 -1 1.0 -1 1.0 -1 4.0
a 301 539 4.0 4.0 -1 1.0 -1 4.0 3.0 1.0 2.0 -1
a 301 299 4.0 4.0 -1 -1 -1 4.0 4.0 1.0 -1 4.0
a 301 18 4.0 4.0 2.0 1.0 4.0 -1 4.0 1.0 2.0 4.0
a 539 302 4.0 -1 1.0 -1 4.0 1.0 -1 2.0 -1 -1
a 539 301 1.0 -1 1.0 -1 4.0 -1 4.0 1.0 2.0 3.0
a 302 539 -1 4.0 2.0 1.0 -1 1.0 -1 1.0 2.0 4.0
a 302 303 4.0 -1 1.0 1.0 -1 1.0 4.0 -1 2.0 -1
a 302 18 1.0 -1 2.0 -1 3.0 -1 4.0 1.0 2.0 4.0
a 302 509 1.0 4.0 1.0 -1 -1 4.0 -1 1.0 2.0 4.0
a 303 304 1.0 -1 2.0 1.0 3.0 1.0 -1 -1 1.0 -1
a 303 315 -1 -1 1.0 1.0 4.0 -1 3.0 -1 2.0 4.0
a 303 302 -1 -1 1.0 -1 4.0 -1 4.0 1.0 2.0 4.0
a 304 443 4.0 4.0 2.0 1.0 4.0 -1 -1 -1 2.0 -1
a 304 303 -1 3.0 2.0 1.0 4.0 -1 4.0 1.0 1.0 3.0
a 304 369 1.0 -1 1.0 1.0 4.0 -1 4.0 1.0 1.0 -1
a 305 268 -1 4.0 1.0 1.0 4.0 1.0 4.0 1.0 -1 4.0
a 305 467 4.0 4.0 -1 1.0 4.0 -1 4.0 2.0 1.0 4.0
a 305 306 -1 3.0 1.0 1.0 4.0 -1 3.0 1.0 -1 4.0
a 305 199 1.0 4.0 1.0 -1 -1 1.0 -1 -1 1.0 4.0
a 306 32 -1 -1 1.0 1.0 3.0 4.0 3.0 1.0 2.0 -1
a 306 305 4.0 4.0 -1 -1 4.0 4.0 4.0 1.0 -1 -1
a 306 33 1.0 -1 -1 1.0 4.0 -1 4.0 -1 1.0 4.0
a 306 208 4.0 -1 -1 2.0 4.0 -1 -1 1.0 2.0 3.0
a 307 308 4.0 4.0 2.0 2.0 4.0 4.0 4.0 1.0 2.0 4.0
a 307 309 4.0 -1 1.0 -1 4.0 -1 -1 1.0 -1 -1
a 307 53 -1 4.0 1.0 1.0 3.0 4.0 3.0 1.0 -1 -1
a 308 374 -1 3.0 2.0 -1 -1 -1 3.0 1.0 -1 -1
a 308 307 1.0 -1 1.0 -1 4.0 1.0 -1 1.0 -1 3.0
a 308 384 4.0 -1 2.0 2.0 -1 -1 -1 1.0 1.0 -1
a 308 70 -1 -1 1.0 1.0 4.0 1.0 3.0 1.0 -1 -1
a 309 310 -1 3.0 1.0 -1 4.0 4.0 4.0 1.0 2.0 -1
a 309 307 -1 4.0 2.0 1.0 4.0 -1 3.0 1.0 -1 -1
a 309 52 1.0 -1 -1 1.0 4.0 4.0 -1 1.0 -1 4.0
a 310 319 -1 4.0 1.0 -1 -1 -1 -1 2.0 1.0 -1
a 310 318 4.0 3.0 1.0 1.0 3.0 -1 3.0 -1 1.0 4.0
a 310 309 4.0 -1 -1 -1 4.0 -1 4.0 1.0 1.0 4.0
a 310 323 1.0 4.0 1.0 -1 4.0 1.0 -1 1.0 -1 -1
a 311 312 -1 -1 -1 1.0 4.0 -1 3.0 1.0 2.0 4.0
a 311 313 -1 4.0 1.0 1.0 4.0 4.0 3.0 1.0 -1 4.0
a 311 53 1.0 4.0 1.0 1.0 4.0 4.0 4.0 1.0 1.0 4.0
a 311 510 4.0 -1 1.0 1.0 -1 -1 4.0 1.0 -1 -1
a 312 311 -1 3.0 1.0 1.0 4.0 4.0 3.0 1.0 1.0 3.0
a 312 67 1.0 4.0 1.0 1.0 4.0 4.0 -1 2.0 1.0 -1
a 312 69 4.0 -1 1.0 1.0 4.0 4.0 3.0 2.0 1.0 -1
a 312 70 1.0 4.0 -1 1.0 4.0 -1 -1 2.0 2.0 4.0
a 313 314 4.0 -1 1.0 -1 4.0 -1 -1 -1 2.0 3.0
a 313 311 1.0 4.0 -1 1.0 4.0 -1 3.0 1.0 1.0 -1
a 313 52 -1 4.0 -1 1.0 4.0 4.0 4.0 -1 2.0 4.0
a 314 318 1.0 4.0 1.0 -1 -1 4.0 3.0 1.0 -1 3.0
a 314 313 -1 -1 1.0 -1 4.0 -1 4.0 1.0 1.0 4.0
a 314 321 -1 4.0 -1 2.0 3.0 -1 4.0 1.0 2.0 -1
a 314 335 -1 4.0 -1 2.0 -1 1.0 4.0 1.0 1.0 4.0
a 315 303 4.0 -1 -1 2.0 3.0 -1 4.0 -1 1.0 -1
a 315 316 4.0 3.0 1.0 1.0 -1 -1 4.0 -1 1.0 4.0
a 315 509 -1 3.0 1.0 1.0 4.0 1.0 4.0 -1 1.0 -1
a 315 19 -1 -1 1.0 1.0 4.0 -1 -1 1.0 -1 4.0
a 316 381 -1 -1 -1 1.0 4.0 1.0 -1 1.0 2.0 4.0
a 316 315 1.0 4.0 1.0 -1 4.0 4.0 4.0 1.0 1.0 -1
a 316 317 -1 4.0 -1 1.0 -1 -1 4.0 1.0 1.0 4.0
a 316 541 1.0 3.0 1.0 2.0 3.0 -1 4.0 2.0 -1 4.0
a 317 540 -1 -1 1.0 1.0 4.0 4.0 4.0 -1 -1 4.0
a 317 542 -1 -1 1.0 -1 4.0 4.0 3.0 1.0 1.0 4.0
a 317 316 4.0 -1 1.0 1.0 4.0 -1 4.0 1.0 1.0 4.0
a 318 314 4.0 4.0 1.0 1.0 4.0 1.0 3.0 1.0 1.0 4.0
a 318 310 1.0 4.0 1.0 1.0 3.0 1.0 4.0 1.0 1.0 -1
a 318 52 -1 -1 -1 1.0 3.0 1.0 4.0 1.0 1.0 4.0
a 319 320 1.0 3.0 -1 2.0 4.0 -1 3.0 2.0 1.0 -1
a 319 310 4.0 4.0 -1 1.0 4.0 -1 3.0 1.0 1.0 4.0
a 319 51 4.0 4.0 -1 1.0 4.0 -1 3.0 -1 1.0 3.0
a 320 325 -1 -1 1.0 -1 3.0 -1 3.0 -1 1.0 4.0
a 320 319 4.0 -1 2.0 1.0 -1 1.0 4.0 1.0 -1 -1
a 320 331 1.0 -1 1.0 -1 3.0 1.0 -1 1.0 -1 4.0
a 321 322 1.0 4.0 1.0 1.0 3.0 4.0 3.0 2.0 1.0 4.0
a 321 314 4.0 3.0 2.0 1.0 -1 -1 -1 1.0 1.0 4.0
a 321 54 4.0 -1 -1 2.0 4.0 -1 3.0 1.0 2.0 -1
a 322 324 -1 -1 2.0 -1 4.0 -1 3.0 1.0 -1 -1
a 322 323 4.0 -1 1.0 1.0 4.0 4.0 4.0 -1 1.0 -1
a 322 321 -1 4.0 -1 1.0 -1 1.0 4.0 1.0 1.0 -1
a 323 322 -1 4.0 1.0 -1 4.0 -1 4.0 2.0 2.0 4.0
a 323 310 -1 -1 2.0 2.0 4.0 4.0 -1 1.0 1.0 -1
a 323 326 4.0 -1 -1 1.0 4.0 1.0 4.0 1.0 -1 4.0
a 324 322 4.0 -1 -1 1.0 4.0 4.0 4.0 -1 -1 4.0
a 324 330 -1 4.0 1.0 1.0 4.0 4.0 -1 1.0 1.0 4.0
a 324 543 1.0 4.0 -1 1.0 3.0 1.0 -1 1.0 1.0 -1
a 325 320 -1 4.0 1.0 2.0 -1 -1 3.0 2.0 1.0 4.0
a 325 326 -1 -1 -1 1.0 4.0 -1 -1 -1 -1 4.0
a 325 328 1.0 -1 -1 -1 3.0 -1 4.0 -1 1.0 4.0
a 325 327 -1 3.0 -1 2.0 -1 1.0 4.0 2.0 -1 -1
a 326 323 -1 -1 1.0 1.0 -1 -1 -1 -1 1.0 -1
a 326 325 -1 4.0 1.0 2.0 -1 1.0 -1 -1 -1 4.0
a 326 49 -1 4.0 1.0 -1 3.0 1.0 -1 1.0 1.0 3.0
a 326 51 1.0 -1 1.0 -1 4.0 -1 4.0 1.0 -1 3.0
a 327 390 4.0 4.0 1.0 1.0 4.0 -1 4.0 1.0 1.0 4.0
a 327 325 4.0 4.0 1.0 1.0 4.0 -1 4.0 2.0 1.0 -1
a 327 334 -1 -1 -1 1.0 -1 -1 4.0 -1 1.0 3.0
a 327 333 4.0 4.0 -1 2.0 4.0 1.0 -1 1.0 1.0 4.0
a 328 325 1.0 4.0 1.0 -1 3.0 1.0 -1 1.0 -1 3.0
a 328 334 4.0 -1 1.0 1.0 -1 1.0 4.0 1.0 -1 -1
a 328 336 -1 3.0 -1 1.0 -1 1.0 4.0 -1 1.0 -1
a 328 337 1.0 -1 2.0 -1 -1 4.0 4.0 2.0 2.0 4.0
a 329 557 -1 3.0 1.0 1.0 -1 4.0 -1 -1 1.0 4.0
a 329 330 4.0 -1 2.0 2.0 4.0 -1 4.0 -1 2.0 4.0
a 329 336 -1 3.0 1.0 2.0 4.0 4.0 -1 -1 1.0 4.0
a 329 546 -1 4.0 -1 -1 4.0 1.0 3.0 -1 1.0 4.0
a 330 329 1.0 4.0 -1 2.0 4.0 -1 -1 1.0 -1 4.0
a 330 324 -1 4.0 1.0 2.0 -1 -1 -1 1.0 -1 -1
a 330 49 -1 4.0 1.0 1.0 -1 -1 -1 1.0 -1 4.0
a 330 511 4.0 4.0 1.0 -1 4.0 -1 -1 -1 2.0 -1
a 331 332 4.0 3.0 2.0 1.0 4.0 -1 -1 1.0 -1 3.0
a 331 320 -1 -1 1.0 2.0 -1 -1 4.0 1.0 2.0 4.0
a 331 50 4.0 4.0 -1 1.0 4.0 -1 -1 -1 1.0 3.0
a 332 260 -1 4.0 1.0 2.0 4.0 1.0 -1 2.0 -1 4.0
a 332 331 -1 3.0 1.0 1.0 4.0 1.0 4.0 -1 1.0 4.0
a 332 23 4.0 -1 1.0 2.0 4.0 4.0 -1 -1 -1 -1
a 332 24 1.0 -1 1.0 -1 4.0 -1 -1 -1 1.0 4.0
a 333 251 1.0 -1 -1 1.0 -1 -1 4.0 1.0 -1 4.0
a 333 327 4.0 4.0 1.0 -1 4.0 4.0 -1 -1 -1 4.0
a 333 24 4.0 -1 -1 1.0 3.0 1.0 4.0 1.0 2.0 -1
a 333 44 -1 -1 -1 2.0 4.0 1.0 4.0 1.0 1.0 4.0
a 334 327 -1 3.0 2.0 -1 4.0 4.0 4.0 -1 1.0 3.0
a 334 328 1.0 -1 1.0 2.0 3.0 -1 4.0 -1 1.0 -1
a 540 317 4.0 -1 1.0 1.0 -1 4.0 3.0 -1 2.0 3.0
a 541 316 -1 -1 1.0 -1 4.0 -1 4.0 1.0 -1 -1
a 542 317 1.0 -1 1.0 1.0 -1 4.0 3.0 2.0 1.0 -1
a 543 324 -1 4.0 1.0 -1 -1 -1 -1 -1 2.0 4.0
a 543 54 1.0 4.0 1.0 -1 3.0 4.0 4.0 1.0 1.0 -1
a 335 544 1.0 4.0 1.0 -1 -1 1.0 -1 -1 1.0 4.0
a 335 314 4.0 4.0 1.0 1.0 -1 4.0 4.0 2.0 1.0 -1
a 335 54 -1 -1 1.0 1.0 -1 -1 -1 1.0 2.0 4.0
a 544 335 -1 3.0 2.0 -1 3.0 -1 4.0 -1 2.0 -1
a 545 54 -1 4.0 1.0 1.0 4.0 1.0 -1 2.0 1.0 4.0
a 546 329 1.0 3.0 1.0 1.0 3.0 1.0 4.0 1.0 -1 4.0
a 336 328 1.0 3.0 1.0 2.0 4.0 1.0 -1 2.0 2.0 -1
a 336 329 -1 4.0 -1 2.0 4.0 4.0 4.0 1.0 -1 -1
a 336 338 1.0 4.0 2.0 1.0 3.0 -1 -1 2.0 1.0 4.0
a 336 49 -1 4.0 -1 1.0 3.0 1.0 -1 -1 2.0 4.0
a 337 338 4.0 -1 1.0 -1 4.0 4.0 4.0 1.0 -1 -1
a 337 328 -1 4.0 -1 1.0 -1 4.0 -1 -1 2.0 4.0
a 337 46 1.0 4.0 1.0 -1 4.0 4.0 3.0 -1 2.0 -1
a 338 393 -1 4.0 2.0 -1 -1 4.0 3.0 2.0 1.0 4.0
a 338 336 4.0 4.0 2.0 -1 4.0 -1 -1 1.0 1.0 4.0
a 338 391 -1 -1 1.0 -1 -1 4.0 4.0 2.0 2.0 3.0
a 338 337 -1 3.0 1.0 1.0 4.0 1.0 3.0 -1 -1 -1
a 339 340 -1 4.0 1.0 -1 -1 1.0 -1 -1 1.0 -1
a 339 223 1.0 4.0 -1 2.0 3.0 1.0 -1 -1 1.0 3.0
a 339 47 -1 4.0 1.0 -1 -1 -1 4.0 -1 -1 -1
a 340 398 1.0 4.0 -1 -1 4.0 -1 4.0 1.0 1.0 4.0
a 340 343 1.0 4.0 2.0 1.0 4.0 -1 -1 -1 1.0 4.0
a 340 395 1.0 3.0 1.0 1.0 3.0 -1 3.0 -1 1.0 3.0
a 340 339 -1 -1 1.0 -1 -1 -1 4.0 2.0 -1 -1
a 341 342 4.0 4.0 1.0 1.0 4.0 -1 3.0 -1 -1 -1
a 341 213 1.0 -1 -1 2.0 3.0 4.0 3.0 2.0 2.0 4.0
a 341 47 4.0 -1 -1 -1 3.0 -1 4.0 -1 1.0 4.0
a 342 343 1.0 -1 1.0 -1 4.0 -1 4.0 2.0 1.0 -1
a 342 547 1.0 4.0 2.0 -1 -1 -1 4.0 1.0 -1 -1
a 342 341 -1 4.0 -1 -1 3.0 4.0 4.0 2.0 1.0 4.0
a 343 342 4.0 4.0 1.0 1.0 3.0 -1 4.0 2.0 1.0 -1
a 343 340 1.0 3.0 1.0 -1 3.0 -1 4.0 2.0 1.0 4.0
a 343 47 -1 4.0 1.0 1.0 3.0 -1 4.0 -1 2.0 3.0
a 547 342 1.0 3.0 1.0 -1 4.0 1.0 -1 1.0 1.0 4.0
a 548 395 1.0 4.0 2.0 1.0 4.0 -1 4.0 2.0 1.0 4.0
a 549 396 4.0 4.0 1.0 2.0 -1 -1 4.0 -1 1.0 3.0
a 344 115 -1 4.0 -1 1.0 4.0 1.0 -1 1.0 2.0 3.0
a 550 447 -1 4.0 -1 1.0 -1 -1 4.0 1.0 1.0 4.0
a 550 293 1.0 3.0 1.0 1.0 4.0 -1 4.0 1.0 2.0 4.0
a 551 8 1.0 -1 1.0 -1 -1 -1 3.0 -1 -1 4.0
a 345 7 -1 4.0 1.0 1.0 -1 1.0 -1 -1 1.0 4.0
a 345 294 1.0 -1 2.0 -1 -1 -1 4.0 1.0 -1 4.0
a 345 296 -1 4.0 -1 -1 3.0 -1 -1 1.0 1.0 3.0
a 552 293 4.0 -1 -1 -1 3.0 -1 4.0 2.0 2.0 -1
a 346 294 4.0 -1 1.0 1.0 4.0 -1 4.0 -1 1.0 -1
a 346 532 -1 -1 2.0 2.0 3.0 -1 -1 1.0 1.0 -1
a 346 361 -1 4.0 1.0 -1 4.0 1.0 -1 1.0 1.0 4.0
a 347 294 -1 4.0 2.0 -1 3.0 1.0 4.0 1.0 -1 3.0
a 347 7 1.0 -1 -1 -1 4.0 1.0 4.0 -1 1.0 4.0
a 347 273 1.0 -1 1.0 2.0 3.0 -1 4.0 1.0 -1 4.0
a 348 349 4.0 4.0 -1 1.0 -1 1.0 4.0 -1 1.0 4.0
a 348 9 -1 -1 1.0 1.0 4.0 -1 4.0 -1 -1 4.0
a 348 288 1.0 4.0 -1 2.0 -1 -1 4.0 2.0 1.0 4.0
a 349 404 -1 3.0 1.0 2.0 4.0 4.0 -1 1.0 1.0 3.0
a 349 362 4.0 -1 1.0 1.0 4.0 -1 4.0 2.0 -1 4.0
a 349 275 -1 4.0 -1 1.0 3.0 -1 4.0 1.0 2.0 4.0
a 349 348 4.0 4.0 1.0 -1 -1 -1 4.0 -1 1.0 4.0
a 350 275 4.0 3.0 -1 1.0 4.0 4.0 -1 2.0 2.0 4.0
a 350 7 4.0 3.0 1.0 1.0 -1 4.0 4.0 -1 -1 4.0
a 350 296 4.0 4.0 2.0 1.0 -1 1.0 4.0 1.0 1.0 4.0
a 351 282 -1 4.0 -1 -1 4.0 1.0 -1 2.0 1.0 -1
a 351 13 4.0 4.0 2.0 2.0 3.0 4.0 -1 2.0 -1 4.0
a 351 189 -1 -1 1.0 -1 -1 4.0 3.0 1.0 1.0 4.0
a 352 282 4.0 4.0 1.0 1.0 -1 -1 4.0 1.0 -1 3.0
a 352 13 1.0 4.0 1.0 1.0 -1 1.0 4.0 1.0 2.0 4.0
a 352 285 1.0 4.0 2.0 1.0 -1 4.0 4.0 1.0 2.0 3.0
a 353 279 -1 4.0 2.0 1.0 4.0 4.0 -1 1.0 1.0 4.0
a 353 13 -1 4.0 2.0 -1 3.0 1.0 -1 1.0 -1 4.0
a 353 189 4.0 -1 -1 1.0 -1 -1 -1 2.0 2.0 3.0
a 354 10 4.0 4.0 2.0 -1 -1 -1 4.0 1.0 -1 4.0
a 354 279 -1 -1 2.0 1.0 3.0 4.0 -1 -1 1.0 4.0
a 354 285 -1 4.0 1.0 1.0 4.0 4.0 4.0 1.0 1.0 -1
a 354 13 -1 4.0 1.0 2.0 -1 4.0 3.0 1.0 1.0 -1
a 553 179 -1 3.0 1.0 2.0 3.0 -1 3.0 1.0 1.0 -1
a 355 217 -1 3.0 2.0 -1 4.0 -1 4.0 1.0 -1 -1
a 355 225 -1 4.0 1.0 1.0 3.0 -1 3.0 1.0 1.0 -1
a 355 2 1.0 4.0 -1 1.0 3.0 1.0 3.0 -1 1.0 -1
a 356 357 -1 4.0 1.0 1.0 3.0 -1 -1 1.0 -1 -1
a 356 359 1.0 -1 -1 -1 4.0 -1 3.0 1.0 2.0 4.0
a 356 3 -1 4.0 1.0 2.0 -1 -1 4.0 2.0 1.0 -1
a 356 4 4.0 3.0 2.0 -1 -1 4.0 4.0 -1 -1 3.0
a 357 448 4.0 4.0 -1 1.0 -1 -1 -1 -1 1.0 3.0
a 357 358 -1 -1 2.0 2.0 4.0 -1 4.0 1.0 1.0 -1
a 357 219 1.0 -1 2.0 1.0 4.0 -1 3.0 1.0 1.0 -1
a 357 356 1.0 -1 1.0 1.0 3.0 4.0 4.0 -1 -1 4.0
a 358 357 -1 4.0 2.0 -1 3.0 -1 4.0 2.0 2.0 3.0
a 358 220 -1 4.0 1.0 1.0 4.0 1.0 4.0 -1 -1 -1
a 358 221 1.0 -1 2.0 1.0 4.0 1.0 4.0 1.0 -1 -1
a 359 521 1.0 4.0 -1 1.0 -1 -1 -1 -1 1.0 4.0
a 359 174 4.0 -1 -1 2.0 3.0 -1 -1 1.0 -1 4.0
a 359 356 -1 -1 1.0 -1 4.0 -1 4.0 1.0 -1 4.0
a 360 96 1.0 -1 -1 2.0 3.0 -1 -1 1.0 1.0 -1
a 360 227 1.0 -1 1.0 1.0 4.0 4.0 4.0 -1 -1 -1
a 360 6 4.0 4.0 1.0 -1 4.0 -1 -1 1.0 1.0 4.0
a 361 8 -1 4.0 -1 -1 3.0 -1 -1 1.0 1.0 -1
a 361 346 4.0 4.0 2.0 -1 3.0 -1 -1 1.0 1.0 4.0
a 361 295 1.0 4.0 2.0 -1 4.0 4.0 4.0 -1 -1 3.0
a 362 130 -1 3.0 1.0 -1 -1 -1 -1 1.0 1.0 -1
a 362 9 -1 -1 1.0 -1 4.0 1.0 3.0 2.0 1.0 4.0
a 362 349 4.0 4.0 1.0 1.0 4.0 4.0 4.0 1.0 -1 4.0
a 554 283 1.0 4.0 1.0 1.0 3.0 1.0 4.0 -1 -1 -1
a 363 446 -1 4.0 -1 1.0 -1 4.0 -1 1.0 1.0 -1
a 363 300 4.0 4.0 1.0 1.0 4.0 -1 4.0 1.0 -1 4.0
a 363 508 4.0 -1 1.0 1.0 3.0 -1 4.0 1.0 2.0 4.0
a 364 446 4.0 4.0 1.0 1.0 3.0 4.0 3.0 1.0 2.0 -1
a 364 367 4.0 -1 1.0 1.0 4.0 4.0 -1 2.0 -1 4.0
a 364 15 -1 -1 1.0 1.0 3.0 4.0 3.0 2.0 1.0 4.0
a 365 16 4.0 3.0 -1 2.0 4.0 1.0 -1 -1 -1 4.0
a 365 433 1.0 -1 -1 1.0 4.0 -1 3.0 -1 1.0 4.0
a 365 434 -1 4.0 1.0 -1 4.0 -1 3.0 2.0 -1 4.0
a 366 420 1.0 -1 1.0 -1 3.0 1.0 3.0 1.0 -1 3.0
a 366 16 -1 4.0 1.0 2.0 4.0 -1 4.0 1.0 -1 -1
a 367 389 1.0 4.0 -1 1.0 4.0 -1 4.0 1.0 1.0 -1
a 367 364 -1 3.0 -1 1.0 -1 4.0 3.0 1.0 2.0 -1
a 367 300 4.0 -1 1.0 1.0 4.0 4.0 4.0 -1 -1 3.0
a 367 17 -1 4.0 1.0 1.0 4.0 -1 -1 1.0 1.0 4.0
a 368 299 1.0 -1 -1 -1 -1 -1 4.0 -1 1.0 4.0
a 368 388 -1 4.0 -1 1.0 4.0 1.0 4.0 1.0 1.0 4.0
a 368 17 4.0 -1 -1 1.0 -1 4.0 -1 2.0 -1 4.0
a 368 18 -1 4.0 1.0 2.0 4.0 -1 3.0 -1 1.0 -1
a 369 385 4.0 -1 1.0 1.0 4.0 -1 4.0 1.0 -1 3.0
a 369 18 -1 -1 1.0 1.0 3.0 4.0 -1 2.0 1.0 4.0
a 369 304 -1 4.0 -1 -1 4.0 1.0 -1 1.0 -1 -1
a 370 381 4.0 4.0 1.0 -1 -1 -1 4.0 1.0 1.0 -1
a 370 19 -1 4.0 1.0 1.0 -1 -1 -1 1.0 1.0 4.0
a 370 443 -1 4.0 1.0 -1 4.0 -1 4.0 2.0 -1 4.0
a 371 372 -1 3.0 -1 2.0 -1 1.0 3.0 2.0 1.0 -1
a 371 20 -1 4.0 1.0 1.0 4.0 -1 -1 1.0 1.0 3.0
a 371 373 1.0 4.0 2.0 -1 4.0 -1 3.0 -1 1.0 3.0
a 372 375 -1 4.0 2.0 2.0 4.0 4.0 4.0 -1 1.0 -1
a 372 386 -1 4.0 -1 2.0 -1 -1 4.0 -1 -1 -1
a 372 371 -1 4.0 -1 -1 -1 -1 4.0 -1 1.0 3.0
a 373 374 -1 4.0 1.0 -1 3.0 1.0 -1 2.0 -1 3.0
a 373 371 1.0 4.0 -1 -1 4.0 4.0 4.0 2.0 1.0 3.0
a 373 21 1.0 -1 -1 1.0 4.0 1.0 -1 2.0 1.0 4.0
a 374 376 -1 -1 -1 -1 -1 -1 4.0 -1 -1 -1
a 374 373 4.0 -1 2.0 -1 4.0 1.0 -1 -1 -1 4.0
a 374 308 1.0 -1 1.0 -1 3.0 1.0 -1 1.0 1.0 4.0
a 375 378 4.0 3.0 -1 -1 -1 1.0 4.0 1.0 -1 4.0
a 375 372 4.0 3.0 2.0 1.0 4.0 1.0 4.0 1.0 1.0 4.0
a 375 377 4.0 4.0 -1 -1 3.0 1.0 -1 2.0 2.0 4.0
a 375 379 -1 4.0 -1 2.0 4.0 -1 -1 -1 2.0 3.0
a 376 459 -1 -1 -1 1.0 -1 -1 4.0 1.0 1.0 4.0
a 376 374 -1 4.0 -1 2.0 3.0 -1 4.0 1.0 -1 4.0
a 376 21 -1 4.0 1.0 -1 4.0 -1 3.0 1.0 1.0 4.0
a 376 22 1.0 4.0 2.0 2.0 -1 1.0 3.0 -1 1.0 4.0
a 377 458 -1 -1 1.0 -1 -1 4.0 -1 1.0 -1 3.0
a 377 375 1.0 4.0 1.0 2.0 4.0 1.0 4.0 2.0 1.0 -1
a 377 20 -1 -1 1.0 2.0 -1 4.0 -1 -1 1.0 4.0
a 378 375 -1 4.0 1.0 2.0 4.0 4.0 4.0 2.0 1.0 4.0
a 378 387 1.0 4.0 1.0 -1 3.0 1.0 -1 -1 1.0 -1
a 378 26 4.0 -1 2.0 -1 4.0 -1 4.0 2.0 -1 4.0
a 379 466 1.0 -1 2.0 2.0 4.0 -1 -1 1.0 -1 -1
a 379 375 -1 4.0 1.0 -1 -1 1.0 4.0 -1 -1 3.0
a 379 26 -1 4.0 1.0 -1 4.0 -1 4.0 1.0 1.0 4.0
a 380 454 -1 -1 1.0 1.0 4.0 1.0 4.0 1.0 1.0 4.0
a 380 436 -1 -1 1.0 1.0 -1 4.0 4.0 -1 2.0 3.0
a 380 26 4.0 3.0 1.0 2.0 4.0 -1 4.0 2.0 1.0 -1
a 380 27 -1 4.0 1.0 -1 -1 -1 4.0 -1 1.0 -1
a 555 446 -1 4.0 2.0 -1 4.0 -1 4.0 1.0 2.0 4.0
a 556 67 -1 4.0 1.0 1.0 4.0 1.0 3.0 1.0 -1 -1
a 381 370 1.0 3.0 1.0 1.0 4.0 1.0 -1 1.0 -1 4.0
a 381 558 -1 4.0 1.0 -1 3.0 1.0 3.0 1.0 2.0 4.0
a 381 316 -1 4.0 1.0 -1 4.0 4.0 4.0 1.0 1.0 -1
a 381 69 1.0 4.0 1.0 1.0 -1 1.0 4.0 -1 -1 -1
a 382 444 -1 -1 2.0 -1 4.0 -1 4.0 2.0 1.0 4.0
a 382 383 -1 4.0 1.0 -1 3.0 1.0 4.0 -1 1.0 -1
a 382 74 1.0 -1 1.0 1.0 -1 4.0 -1 1.0 -1 4.0
a 383 385 4.0 -1 1.0 -1 4.0 -1 3.0 -1 1.0 4.0
a 384 382 1.0 4.0 -1 -1 -1 -1 -1 1.0 -1 4.0
a 384 308 -1 4.0 2.0 1.0 4.0 -1 4.0 1.0 1.0 4.0
a 384 443 -1 -1 -1 -1 4.0 -1 4.0 2.0 1.0 3.0
a 385 386 1.0 3.0 -1 2.0 -1 -1 4.0 1.0 -1 -1
a 385 388 -1 4.0 2.0 1.0 -1 1.0 4.0 -1 1.0 -1
a 385 369 4.0 -1 -1 1.0 4.0 1.0 -1 2.0 1.0 4.0
a 386 372 -1 4.0 -1 1.0 4.0 -1 -1 -1 1.0 -1
a 386 385 -1 4.0 -1 1.0 3.0 -1 4.0 1.0 2.0 4.0
a 386 74 -1 4.0 1.0 1.0 3.0 -1 4.0 1.0 -1 3.0
a 387 388 1.0 3.0 -1 -1 4.0 1.0 -1 1.0 -1 3.0
a 387 386 4.0 4.0 1.0 1.0 4.0 4.0 4.0 1.0 1.0 -1
a 387 378 1.0 -1 1.0 -1 4.0 -1 -1 1.0 -1 3.0
a 388 442 1.0 -1 -1 1.0 4.0 -1 -1 -1 2.0 4.0
a 388 387 -1 -1 -1 1.0 4.0 -1 -1 1.0 1.0 -1
a 388 368 1.0 4.0 1.0 -1 4.0 -1 -1 -1 -1 4.0
a 389 435 4.0 3.0 -1 1.0 -1 4.0 4.0 -1 1.0 -1
a 389 367 4.0 -1 1.0 -1 -1 -1 3.0 -1 1.0 4.0
a 389 436 1.0 4.0 1.0 1.0 4.0 -1 4.0 1.0 1.0 -1
a 390 82 -1 -1 1.0 1.0 4.0 1.0 4.0 1.0 1.0 4.0
a 390 392 -1 4.0 1.0 -1 3.0 4.0 4.0 1.0 1.0 4.0
a 390 45 -1 3.0 -1 1.0 -1 -1 4.0 2.0 1.0 4.0
a 391 398 1.0 4.0 1.0 2.0 4.0 1.0 4.0 2.0 1.0 -1
a 391 338 1.0 4.0 2.0 1.0 -1 -1 -1 -1 -1 4.0
a 391 46 -1 4.0 1.0 1.0 -1 4.0 4.0 -1 -1 4.0
a 392 390 -1 4.0 1.0 1.0 4.0 4.0 4.0 -1 1.0 3.0
a 392 334 -1 4.0 -1 1.0 -1 -1 4.0 -1 -1 3.0
a 392 46 1.0 4.0 -1 1.0 4.0 -1 4.0 2.0 1.0 4.0
a 393 338 -1 4.0 1.0 2.0 4.0 -1 -1 1.0 1.0 4.0
a 393 394 1.0 4.0 1.0 1.0 4.0 -1 -1 2.0 1.0 4.0
a 393 48 4.0 4.0 1.0 2.0 4.0 -1 4.0 2.0 -1 4.0
a 557 329 -1 4.0 1.0 -1 4.0 -1 -1 1.0 1.0 4.0
a 557 48 1.0 4.0 2.0 1.0 -1 -1 -1 -1 1.0 4.0
a 558 381 4.0 4.0 1.0 1.0 3.0 4.0 4.0 2.0 1.0 4.0
a 559 397 -1 4.0 1.0 1.0 3.0 -1 -1 1.0 1.0 3.0
a 394 397 -1 -1 1.0 2.0 4.0 1.0 4.0 1.0 1.0 3.0
a 394 78 -1 -1 1.0 1.0 -1 4.0 4.0 -1 1.0 4.0
a 394 396 1.0 4.0 -1 1.0 4.0 4.0 -1 1.0 1.0 4.0
a 394 393 -1 -1 1.0 1.0 4.0 -1 3.0 -1 1.0 3.0
a 395 548 1.0 -1 1.0 1.0 -1 1.0 4.0 1.0 -1 -1
a 395 396 -1 3.0 -1 1.0 4.0 -1 -1 1.0 1.0 4.0
a 395 340 4.0 -1 1.0 1.0 -1 -1 4.0 2.0 1.0 4.0
a 396 549 1.0 -1 2.0 -1 -1 -1 3.0 -1 -1 3.0
a 396 394 4.0 4.0 -1 -1 3.0 -1 4.0 1.0 1.0 4.0
a 396 397 -1 4.0 1.0 1.0 3.0 -1 3.0 -1 2.0 4.0
a 396 395 -1 3.0 2.0 2.0 3.0 -1 4.0 -1 -1 4.0
a 397 559 -1 -1 -1 2.0 4.0 -1 3.0 1.0 2.0 -1
a 397 394 -1 4.0 2.0 1.0 4.0 -1 4.0 -1 1.0 -1
a 397 396 4.0 4.0 1.0 1.0 -1 -1 -1 1.0 1.0 3.0
a 398 78 4.0 4.0 2.0 2.0 3.0 -1 4.0 2.0 -1 -1
a 398 391 -1 -1 1.0 -1 -1 -1 -1 -1 -1 -1
a 398 340 1.0 3.0 1.0 -1 4.0 4.0 4.0 1.0 2.0 -1
a 399 400 -1 -1 1.0 -1 -1 4.0 4.0 1.0 -1 -1
a 399 225 4.0 3.0 1.0 1.0 -1 -1 -1 1.0 -1 4.0
a 399 2 1.0 -1 1.0 1.0 4.0 4.0 4.0 1.0 -1 4.0
a 400 220 1.0 4.0 1.0 2.0 4.0 4.0 4.0 -1 1.0 4.0
a 400 401 1.0 -1 -1 2.0 -1 1.0 4.0 -1 1.0 4.0
a 400 399 -1 -1 1.0 -1 4.0 1.0 4.0 1.0 -1 -1
a 401 104 4.0 -1 1.0 2.0 -1 1.0 -1 1.0 1.0 3.0
a 401 400 4.0 -1 2.0 1.0 4.0 -1 -1 1.0 2.0 -1
a 401 227 4.0 4.0 -1 1.0 -1 1.0 4.0 1.0 1.0 3.0
a 402 274 4.0 -1 1.0 1.0 -1 -1 -1 1.0 -1 4.0
a 402 406 -1 -1 1.0 -1 3.0 -1 4.0 2.0 1.0 -1
a 403 402 4.0 4.0 1.0 2.0 4.0 -1 -1 1.0 -1 -1
a 403 405 4.0 4.0 1.0 1.0 -1 1.0 4.0 1.0 -1 -1
a 403 275 4.0 -1 1.0 1.0 -1 -1 4.0 2.0 1.0 -1
a 404 195 -1 4.0 1.0 -1 4.0 -1 4.0 2.0 1.0 -1
a 404 349 -1 3.0 1.0 -1 4.0 4.0 -1 1.0 1.0 4.0
a 404 403 1.0 -1 -1 -1 4.0 -1 -1 2.0 -1 -1
a 405 407 -1 4.0 -1 1.0 -1 4.0 -1 -1 1.0 4.0
a 405 403 -1 4.0 -1 -1 4.0 4.0 4.0 -1 1.0 -1
a 405 195 4.0 -1 1.0 1.0 3.0 -1 4.0 1.0 -1 3.0
a 406 402 -1 4.0 1.0 1.0 -1 4.0 -1 -1 1.0 3.0
a 406 405 -1 4.0 1.0 1.0 -1 -1 4.0 -1 -1 3.0
a 406 202 1.0 4.0 -1 1.0 4.0 4.0 3.0 1.0 1.0 4.0
a 407 405 -1 4.0 2.0 1.0 4.0 1.0 3.0 -1 -1 -1
a 407 197 -1 -1 1.0 -1 -1 -1 -1 -1 1.0 4.0
a 407 204 1.0 4.0 -1 1.0 3.0 4.0 4.0 1.0 1.0 4.0
a 408 409 -1 3.0 2.0 -1 4.0 -1 -1 1.0 1.0 -1
a 408 411 4.0 -1 1.0 2.0 -1 -1 4.0 1.0 -1 -1
a 408 451 4.0 4.0 1.0 2.0 3.0 -1 4.0 -1 1.0 4.0
a 408 205 -1 -1 -1 -1 4.0 4.0 -1 1.0 -1 4.0
a 409 501 1.0 4.0 2.0 1.0 4.0 -1 3.0 -1 1.0 4.0
a 409 35 1.0 4.0 1.0 1.0 4.0 1.0 3.0 1.0 -1 4.0
a 409 408 -1 4.0 -1 -1 4.0 -1 4.0 1.0 -1 4.0
a 410 501 4.0 4.0 -1 1.0 4.0 -1 4.0 -1 1.0 4.0
a 410 413 -1 4.0 -1 1.0 4.0 -1 -1 -1 1.0 4.0
a 410 184 1.0 4.0 1.0 1.0 4.0 -1 -1 1.0 1.0 4.0
a 411 408 1.0 -1 2.0 -1 4.0 -1 4.0 1.0 -1 4.0
a 411 422 -1 4.0 1.0 1.0 4.0 -1 4.0 -1 -1 3.0
a 411 35 -1 -1 1.0 1.0 -1 1.0 4.0 1.0 1.0 4.0
a 411 31 -1 4.0 2.0 1.0 4.0 1.0 -1 1.0 1.0 4.0
a 412 272 1.0 4.0 2.0 2.0 -1 -1 4.0 1.0 -1 4.0
a 412 184 4.0 -1 1.0 1.0 4.0 1.0 3.0 1.0 1.0 4.0
a 412 198 4.0 -1 -1 1.0 -1 1.0 4.0 1.0 2.0 4.0
a 413 410 4.0 4.0 -1 2.0 4.0 -1 4.0 1.0 1.0 4.0
a 413 264 1.0 3.0 1.0 2.0 4.0 1.0 4.0 2.0 1.0 4.0
a 413 205 -1 4.0 -1 -1 -1 -1 3.0 1.0 -1 4.0
a 414 560 -1 4.0 2.0 2.0 4.0 -1 3.0 1.0 1.0 -1
a 414 415 -1 4.0 1.0 2.0 -1 -1 4.0 1.0 1.0 -1
a 414 284 -1 4.0 -1 1.0 3.0 -1 4.0 1.0 -1 -1
a 414 286 1.0 4.0 1.0 2.0 4.0 1.0 3.0 -1 1.0 4.0
a 415 414 1.0 -1 -1 1.0 -1 -1 4.0 2.0 -1 4.0
a 415 11 -1 3.0 1.0 1.0 -1 1.0 3.0 1.0 1.0 -1
a 415 297 -1 -1 1.0 1.0 4.0 4.0 -1 -1 2.0 4.0
a 560 414 4.0 4.0 2.0 -1 3.0 1.0 -1 2.0 1.0 4.0
a 416 140 4.0 3.0 -1 2.0 -1 -1 -1 2.0 1.0 4.0
a 416 142 -1 3.0 2.0 1.0 3.0 -1 -1 -1 -1 4.0
a 417 418 4.0 4.0 -1 -1 4.0 4.0 -1 2.0 1.0 -1
a 417 278 4.0 -1 -1 1.0 -1 1.0 -1 1.0 1.0 4.0
a 417 30 4.0 -1 1.0 -1 4.0 4.0 3.0 -1 -1 4.0
a 418 421 4.0 -1 1.0 1.0 4.0 -1 3.0 1.0 1.0 -1
a 418 417 -1 -1 1.0 2.0 -1 -1 4.0 2.0 1.0 4.0
a 418 194 -1 4.0 -1 2.0 -1 4.0 4.0 1.0 -1 4.0
a 419 421 1.0 -1 2.0 1.0 4.0 1.0 -1 1.0 -1 4.0
a 419 277 1.0 -1 -1 -1 -1 4.0 -1 -1 2.0 -1
a 419 29 1.0 -1 1.0 -1 4.0 1.0 4.0 -1 1.0 3.0
a 419 30 4.0 4.0 2.0 1.0 4.0 1.0 -1 1.0 1.0 -1
a 420 421 1.0 4.0 -1 1.0 4.0 -1 3.0 2.0 1.0 4.0
a 420 416 4.0 3.0 -1 1.0 -1 1.0 4.0 1.0 2.0 4.0
a 421 432 -1 4.0 1.0 1.0 -1 4.0 4.0 -1 2.0 -1
a 421 420 -1 -1 1.0 1.0 3.0 4.0 -1 1.0 -1 -1
a 421 419 1.0 -1 2.0 2.0 -1 1.0 -1 1.0 -1 4.0
a 422 427 -1 -1 -1 1.0 3.0 4.0 4.0 1.0 1.0 4.0
a 422 411 -1 4.0 1.0 1.0 -1 4.0 4.0 -1 -1 -1
a 422 191 -1 -1 1.0 1.0 3.0 -1 3.0 2.0 1.0 -1
a 422 423 -1 -1 -1 -1 4.0 -1 4.0 2.0 -1 4.0
a 423 422 -1 4.0 2.0 -1 4.0 4.0 -1 1.0 2.0 -1
a 423 425 1.0 4.0 1.0 -1 4.0 4.0 4.0 1.0 2.0 -1
a 423 31 -1 4.0 -1 -1 -1 1.0 4.0 1.0 -1 4.0
a 424 455 1.0 4.0 -1 2.0 -1 4.0 3.0 -1 -1 -1
a 424 197 4.0 3.0 1.0 1.0 4.0 4.0 4.0 2.0 -1 4.0
a 424 36 -1 4.0 -1 -1 4.0 4.0 4.0 1.0 2.0 4.0
a 425 423 -1 4.0 -1 1.0 4.0 -1 -1 2.0 1.0 -1
a 425 426 1.0 4.0 1.0 -1 3.0 1.0 4.0 2.0 2.0 4.0
a 425 277 4.0 -1 2.0 -1 4.0 -1 -1 2.0 -1 4.0
a 426 451 4.0 3.0 1.0 -1 -1 -1 4.0 2.0 1.0 4.0
a 426 425 -1 3.0 2.0 1.0 3.0 -1 3.0 -1 1.0 -1
a 426 31 -1 4.0 2.0 -1 -1 4.0 4.0 1.0 -1 4.0
a 427 455 4.0 4.0 2.0 1.0 4.0 -1 4.0 -1 1.0 3.0
a 427 35 -1 4.0 1.0 2.0 4.0 1.0 3.0 1.0 1.0 -1
a 427 422 1.0 4.0 -1 2.0 3.0 4.0 -1 -1 1.0 3.0
a 428 500 -1 -1 -1 1.0 4.0 4.0 4.0 1.0 1.0 4.0
a 428 439 4.0 4.0 1.0 1.0 4.0 1.0 4.0 -1 -1 4.0
a 428 28 -1 4.0 1.0 1.0 -1 -1 4.0 2.0 2.0 -1
a 428 29 -1 -1 -1 1.0 3.0 -1 4.0 -1 2.0 -1
a 429 159 4.0 -1 -1 1.0 4.0 -1 3.0 -1 1.0 4.0
a 429 438 -1 4.0 1.0 1.0 4.0 -1 4.0 1.0 -1 -1
a 429 28 1.0 4.0 1.0 1.0 4.0 -1 -1 2.0 1.0 -1
a 430 155 -1 4.0 -1 -1 4.0 1.0 -1 2.0 -1 3.0
a 430 208 4.0 4.0 2.0 2.0 4.0 4.0 -1 2.0 -1 -1
a 430 33 -1 -1 1.0 1.0 -1 -1 -1 1.0 -1 4.0
a 430 457 4.0 4.0 1.0 1.0 4.0 4.0 -1 -1 -1 4.0
a 431 439 1.0 -1 1.0 1.0 3.0 -1 4.0 1.0 1.0 4.0
a 431 440 4.0 4.0 1.0 -1 4.0 4.0 -1 1.0 -1 3.0
a 432 441 -1 4.0 2.0 2.0 4.0 -1 -1 -1 1.0 4.0
a 432 431 1.0 -1 -1 2.0 -1 -1 3.0 -1 2.0 4.0
a 433 366 -1 4.0 1.0 1.0 3.0 -1 4.0 1.0 1.0 4.0
a 433 365 4.0 4.0 1.0 1.0 -1 4.0 4.0 1.0 -1 -1
a 433 441 1.0 -1 1.0 1.0 -1 4.0 -1 2.0 -1 4.0
a 434 365 -1 -1 1.0 1.0 -1 -1 3.0 1.0 1.0 -1
a 434 162 -1 4.0 -1 -1 4.0 -1 -1 2.0 1.0 4.0
a 435 162 -1 4.0 -1 1.0 -1 -1 4.0 -1 1.0 4.0
a 435 170 -1 4.0 1.0 1.0 4.0 -1 -1 1.0 1.0 4.0
a 436 380 -1 3.0 -1 2.0 4.0 -1 4.0 1.0 1.0 4.0
a 436 389 4.0 4.0 -1 1.0 -1 -1 4.0 1.0 -1 4.0
a 436 75 4.0 3.0 1.0 1.0 4.0 -1 4.0 -1 1.0 -1
a 437 436 4.0 4.0 1.0 -1 -1 -1 4.0 -1 2.0 -1
a 437 438 -1 -1 -1 1.0 4.0 1.0 3.0 2.0 1.0 -1
a 438 429 -1 4.0 1.0 -1 4.0 1.0 -1 -1 1.0 4.0
a 438 440 -1 4.0 2.0 1.0 3.0 -1 4.0 -1 1.0 4.0
a 438 437 -1 -1 1.0 1.0 4.0 -1 3.0 -1 2.0 -1
a 438 439 1.0 4.0 1.0 -1 4.0 4.0 -1 -1 2.0 4.0
a 439 438 -1 -1 1.0 -1 4.0 -1 3.0 1.0 1.0 3.0
a 439 428 4.0 3.0 1.0 1.0 4.0 -1 4.0 2.0 -1 4.0
a 439 431 1.0 -1 1.0 -1 3.0 -1 -1 1.0 1.0 4.0
a 440 431 -1 -1 1.0 1.0 4.0 4.0 -1 1.0 1.0 -1
a 440 438 1.0 4.0 -1 2.0 3.0 -1 4.0 1.0 -1 4.0
a 440 441 4.0 4.0 -1 1.0 3.0 4.0 -1 -1 2.0 4.0
a 441 163 -1 4.0 2.0 -1 -1 -1 4.0 -1 1.0 4.0
a 441 433 1.0 -1 -1 1.0 4.0 1.0 -1 1.0 1.0 -1
a 441 440 -1 4.0 -1 1.0 3.0 4.0 -1 1.0 -1 4.0
a 442 167 -1 4.0 -1 1.0 3.0 4.0 3.0 2.0 -1 4.0
a 442 388 -1 3.0 1.0 -1 4.0 4.0 -1 -1 2.0 3.0
a 442 389 4.0 3.0 2.0 2.0 -1 -1 -1 -1 1.0 -1
a 443 384 -1 -1 1.0 -1 4.0 -1 4.0 1.0 1.0 3.0
a 443 304 1.0 -1 2.0 2.0 4.0 1.0 -1 -1 1.0 3.0
a 443 370 -1 4.0 1.0 -1 3.0 -1 4.0 -1 1.0 3.0
a 443 444 -1 4.0 1.0 1.0 -1 4.0 -1 1.0 -1 -1
a 444 383 4.0 -1 -1 -1 -1 -1 3.0 1.0 1.0 4.0
a 444 443 4.0 3.0 2.0 1.0 -1 1.0 4.0 -1 -1 -1
a 444 382 -1 3.0 1.0 1.0 -1 4.0 -1 1.0 -1 -1
a 445 215 -1 3.0 1.0 1.0 -1 -1 4.0 -1 -1 4.0
a 445 179 4.0 4.0 -1 2.0 4.0 -1 -1 2.0 1.0 4.0
a 445 180 4.0 4.0 1.0 1.0 3.0 -1 4.0 1.0 2.0 4.0
a 446 363 -1 -1 1.0 1.0 3.0 -1 -1 -1 1.0 4.0
a 446 555 -1 4.0 -1 1.0 -1 1.0 -1 1.0 1.0 -1
a 446 364 -1 3.0 -1 1.0 -1 -1 -1 1.0 1.0 3.0
a 446 187 1.0 -1 2.0 2.0 -1 -1 4.0 1.0 -1 4.0
a 447 5 -1 4.0 2.0 1.0 4.0 -1 -1 1.0 1.0 3.0
a 447 176 -1 4.0 -1 1.0 4.0 1.0 4.0 1.0 -1 -1
a 447 550 -1 -1 -1 1.0 4.0 1.0 4.0 2.0 -1 4.0
a 448 4 -1 3.0 1.0 1.0 -1 1.0 4.0 -1 1.0 3.0
a 448 291 1.0 4.0 -1 -1 4.0 -1 -1 -1 -1 4.0
a 448 357 4.0 4.0 -1 -1 4.0 4.0 -1 1.0 1.0 -1
a 449 12 1.0 3.0 1.0 -1 3.0 1.0 4.0 1.0 1.0 4.0
a 449 283 4.0 -1 1.0 1.0 -1 1.0 -1 -1 1.0 -1
a 449 284 4.0 4.0 -1 2.0 4.0 4.0 -1 1.0 2.0 -1
a 450 184 4.0 4.0 1.0 -1 4.0 -1 4.0 1.0 2.0 4.0
a 450 37 -1 4.0 2.0 -1 4.0 1.0 4.0 2.0 1.0 4.0
a 450 60 -1 4.0 2.0 1.0 4.0 4.0 -1 2.0 -1 4.0
a 451 426 -1 3.0 -1 1.0 -1 -1 -1 1.0 1.0 4.0
a 451 408 1.0 4.0 1.0 1.0 -1 -1 4.0 1.0 2.0 4.0
a 451 483 -1 4.0 -1 -1 4.0 1.0 4.0 1.0 1.0 4.0
a 452 500 1.0 4.0 -1 1.0 4.0 -1 4.0 -1 1.0 4.0
a 452 155 4.0 3.0 1.0 -1 4.0 1.0 4.0 1.0 1.0 4.0
a 452 28 -1 4.0 -1 1.0 4.0 -1 -1 1.0 -1 -1
a 453 384 -1 4.0 1.0 2.0 4.0 4.0 4.0 2.0 1.0 4.0
a 453 473 1.0 3.0 1.0 2.0 -1 1.0 4.0 -1 2.0 4.0
a 454 457 4.0 -1 1.0 -1 4.0 4.0 4.0 2.0 2.0 4.0
a 454 380 -1 -1 2.0 2.0 4.0 -1 4.0 2.0 -1 3.0
a 454 469 1.0 -1 2.0 1.0 3.0 -1 4.0 -1 1.0 3.0
a 455 136 4.0 -1 1.0 1.0 -1 1.0 -1 -1 -1 -1
a 455 424 -1 -1 2.0 1.0 -1 -1 4.0 2.0 2.0 4.0
a 455 427 -1 3.0 -1 -1 -1 -1 4.0 2.0 1.0 3.0
a 456 499 -1 4.0 1.0 1.0 4.0 1.0 -1 1.0 1.0 4.0
a 457 156 -1 4.0 -1 1.0 -1 1.0 -1 1.0 1.0 -1
a 457 454 -1 4.0 2.0 2.0 -1 1.0 -1 -1 1.0 4.0
a 457 430 4.0 -1 -1 2.0 3.0 -1 -1 1.0 2.0 -1
a 457 27 1.0 4.0 2.0 2.0 4.0 -1 3.0 1.0 1.0 4.0
a 458 377 -1 3.0 -1 -1 4.0 -1 3.0 1.0 -1 4.0
a 458 478 1.0 -1 2.0 1.0 -1 4.0 -1 1.0 2.0 -1
a 458 463 1.0 4.0 2.0 1.0 4.0 -1 4.0 2.0 2.0 4.0
a 459 488 1.0 4.0 1.0 1.0 4.0 -1 -1 1.0 1.0 4.0
a 459 376 -1 4.0 -1 2.0 4.0 4.0 -1 1.0 -1 -1
a 459 460 -1 -1 1.0 1.0 -1 4.0 4.0 1.0 1.0 -1
a 460 461 -1 -1 1.0 1.0 4.0 -1 4.0 1.0 -1 3.0
a 460 459 4.0 -1 2.0 1.0 3.0 -1 4.0 1.0 -1 -1
a 461 460 1.0 3.0 -1 1.0 3.0 4.0 4.0 1.0 1.0 4.0
a 461 462 4.0 4.0 1.0 1.0 -1 4.0 -1 -1 1.0 4.0
a 461 260 -1 -1 -1 -1 4.0 -1 -1 2.0 -1 3.0
a 461 23 4.0 4.0 1.0 -1 3.0 4.0 4.0 -1 1.0 -1
a 462 475 4.0 -1 -1 1.0 3.0 -1 -1 -1 1.0 -1
a 462 265 1.0 4.0 1.0 1.0 -1 4.0 3.0 1.0 1.0 -1
a 462 465 1.0 4.0 2.0 2.0 -1 -1 4.0 -1 1.0 4.0
a 462 461 1.0 -1 1.0 1.0 4.0 1.0 4.0 -1 1.0 -1
a 463 484 4.0 4.0 -1 1.0 3.0 4.0 3.0 -1 1.0 -1
a 463 464 4.0 4.0 2.0 -1 4.0 4.0 3.0 1.0 1.0 4.0
a 463 476 -1 3.0 -1 2.0 4.0 1.0 4.0 -1 -1 4.0
a 463 458 1.0 4.0 2.0 -1 3.0 4.0 4.0 1.0 2.0 4.0
a 464 475 -1 4.0 1.0 -1 -1 -1 4.0 1.0 1.0 3.0
a 464 25 -1 3.0 1.0 -1 4.0 1.0 3.0 -1 2.0 4.0
a 464 463 -1 3.0 -1 1.0 3.0 -1 -1 -1 -1 4.0
a 465 472 1.0 4.0 1.0 1.0 3.0 4.0 4.0 1.0 2.0 -1
a 465 73 -1 -1 1.0 2.0 4.0 -1 4.0 -1 -1 4.0
a 466 480 -1 4.0 -1 1.0 -1 4.0 4.0 -1 -1 3.0
a 466 379 1.0 -1 -1 1.0 3.0 -1 4.0 -1 2.0 -1
a 466 467 1.0 4.0 -1 -1 4.0 -1 4.0 1.0 1.0 4.0
a 467 466 -1 -1 2.0 2.0 3.0 4.0 4.0 1.0 -1 -1
a 467 476 1.0 4.0 1.0 -1 -1 -1 3.0 2.0 -1 3.0
a 467 305 -1 4.0 -1 1.0 4.0 4.0 4.0 -1 1.0 3.0
a 467 468 1.0 -1 1.0 1.0 4.0 -1 4.0 2.0 -1 3.0
a 468 467 1.0 4.0 -1 1.0 3.0 -1 -1 1.0 1.0 4.0
a 468 469 4.0 4.0 -1 1.0 3.0 -1 4.0 1.0 -1 -1
a 468 33 -1 4.0 1.0 1.0 -1 4.0 4.0 2.0 -1 4.0
a 469 454 -1 4.0 -1 1.0 4.0 1.0 -1 1.0 -1 4.0
a 469 468 -1 4.0 -1 1.0 -1 -1 -1 2.0 1.0 -1
a 470 471 -1 4.0 2.0 1.0 4.0 -1 4.0 -1 1.0 3.0
a 470 265 -1 4.0 1.0 1.0 4.0 1.0 3.0 1.0 -1 3.0
a 470 40 -1 -1 1.0 2.0 3.0 -1 -1 2.0 -1 3.0
a 471 470 -1 -1 1.0 2.0 4.0 -1 -1 1.0 -1 3.0
a 471 251 -1 -1 -1 1.0 -1 4.0 -1 2.0 1.0 3.0
a 471 255 -1 -1 1.0 -1 4.0 -1 4.0 1.0 -1 -1
a 472 481 1.0 -1 -1 -1 4.0 4.0 3.0 1.0 1.0 3.0
a 473 475 4.0 -1 2.0 -1 4.0 1.0 4.0 2.0 2.0 4.0
a 474 473 1.0 -1 2.0 -1 4.0 -1 4.0 2.0 -1 -1
a 474 460 4.0 -1 1.0 1.0 4.0 4.0 4.0 1.0 2.0 4.0
a 475 482 -1 4.0 -1 1.0 4.0 4.0 3.0 1.0 1.0 3.0
a 475 462 -1 4.0 1.0 -1 4.0 -1 4.0 1.0 -1 -1
a 475 464 1.0 3.0 1.0 1.0 3.0 1.0 4.0 1.0 -1 4.0
a 476 463 1.0 -1 -1 2.0 4.0 -1 -1 -1 1.0 4.0
a 476 268 -1 -1 -1 2.0 4.0 -1 4.0 -1 -1 3.0
a 476 467 4.0 4.0 -1 -1 -1 -1 4.0 -1 1.0 3.0
a 477 474 1.0 4.0 1.0 -1 -1 1.0 4.0 1.0 1.0 -1
a 477 476 -1 4.0 1.0 1.0 4.0 -1 4.0 -1 1.0 -1
a 478 479 1.0 -1 1.0 1.0 4.0 -1 -1 1.0 2.0 4.0
a 478 466 1.0 4.0 2.0 1.0 3.0 1.0 4.0 -1 1.0 4.0
a 479 481 -1 4.0 1.0 -1 3.0 -1 -1 1.0 1.0 4.0
a 480 479 4.0 4.0 2.0 1.0 4.0 1.0 3.0 1.0 1.0 3.0
a 480 466 -1 -1 1.0 -1 -1 1.0 4.0 -1 -1 -1
a 480 469 -1 -1 2.0 1.0 3.0 -1 -1 -1 -1 4.0
a 481 158 -1 4.0 1.0 1.0 3.0 1.0 -1 1.0 -1 4.0
a 482 262 -1 4.0 1.0 -1 -1 -1 -1 1.0 -1 3.0
a 482 25 -1 4.0 -1 -1 4.0 1.0 4.0 1.0 1.0 4.0
a 482 475 -1 -1 -1 2.0 4.0 4.0 4.0 2.0 2.0 4.0
a 483 277 -1 -1 -1 -1 4.0 4.0 4.0 1.0 1.0 3.0
a 483 451 -1 4.0 1.0 1.0 4.0 1.0 4.0 1.0 1.0 -1
a 483 500 -1 4.0 1.0 1.0 3.0 -1 4.0 1.0 -1 4.0
a 483 201 -1 3.0 1.0 1.0 3.0 1.0 -1 2.0 2.0 4.0
a 484 463 -1 4.0 1.0 1.0 4.0 4.0 4.0 1.0 1.0 4.0
a 484 267 1.0 4.0 -1 1.0 4.0 -1 4.0 1.0 1.0 4.0
a 484 25 -1 4.0 -1 -1 -1 1.0 4.0 1.0 -1 4.0
a 485 486 1.0 4.0 -1 1.0 4.0 -1 -1 1.0 -1 3.0
a 485 268 1.0 -1 1.0 1.0 4.0 4.0 3.0 -1 -1 4.0
a 485 39 1.0 4.0 2.0 2.0 -1 -1 4.0 -1 -1 4.0
a 486 256 4.0 -1 -1 1.0 4.0 -1 -1 -1 2.0 4.0
a 486 257 -1 3.0 1.0 -1 4.0 -1 -1 1.0 2.0 4.0
a 486 61 4.0 -1 -1 1.0 4.0 -1 -1 2.0 -1 -1
a 486 485 -1 4.0 -1 1.0 4.0 4.0 3.0 -1 2.0 4.0
a 487 242 1.0 -1 -1 1.0 -1 1.0 4.0 1.0 1.0 4.0
a 487 257 1.0 -1 1.0 -1 4.0 1.0 -1 1.0 1.0 4.0
a 487 38 1.0 -1 1.0 2.0 4.0 -1 3.0 1.0 1.0 -1
a 488 472 -1 3.0 -1 1.0 4.0 -1 4.0 1.0 -1 4.0
a 488 458 4.0 4.0 -1 2.0 -1 -1 4.0 -1 2.0 4.0
a 561 64 4.0 -1 2.0 1.0 4.0 -1 -1 -1 1.0 4.0
a 489 168 -1 4.0 1.0 1.0 -1 -1 4.0 1.0 -1 -1
a 489 492 -1 -1 1.0 -1 -1 1.0 4.0 -1 -1 -1
a 490 493 4.0 3.0 -1 -1 -1 4.0 -1 1.0 1.0 -1
a 490 494 4.0 3.0 1.0 -1 4.0 4.0 4.0 -1 1.0 4.0
a 491 101 4.0 4.0 -1 -1 4.0 -1 -1 1.0 -1 4.0
a 492 495 -1 4.0 1.0 1.0 4.0 -1 4.0 -1 1.0 -1
a 493 160 1.0 4.0 2.0 -1 4.0 1.0 -1 -1 -1 -1
a 494 145 4.0 4.0 1.0 1.0 4.0 4.0 4.0 2.0 1.0 4.0
a 495 490 -1 4.0 1.0 -1 -1 1.0 4.0 1.0 2.0 4.0
a 495 64 -1 -1 -1 2.0 4.0 4.0 -1 1.0 1.0 -1
a 562 188 -1 -1 -1 1.0 3.0 -1 -1 1.0 -1 -1
a 496 492 -1 4.0 1.0 -1 -1 4.0 4.0 1.0 1.0 4.0
a 496 497 1.0 4.0 -1 1.0 4.0 -1 4.0 1.0 1.0 3.0
a 497 65 4.0 3.0 -1 -1 4.0 -1 -1 -1 1.0 -1
a 498 118 -1 4.0 -1 1.0 3.0 1.0 -1 1.0 -1 -1
a 498 491 -1 -1 2.0 -1 -1 4.0 -1 1.0 1.0 -1
a 499 198 4.0 4.0 2.0 -1 3.0 1.0 4.0 -1 1.0 4.0
a 499 205 -1 4.0 1.0 2.0 4.0 4.0 3.0 1.0 -1 -1
a 500 428 -1 -1 1.0 -1 3.0 4.0 -1 1.0 1.0 4.0
a 500 452 1.0 4.0 1.0 1.0 3.0 -1 -1 -1 1.0 -1
a 500 208 4.0 -1 1.0 1.0 4.0 -1 3.0 1.0 1.0 -1
a 500 483 1.0 4.0 -1 -1 4.0 -1 3.0 -1 1.0 4.0
a 501 125 4.0 4.0 1.0 2.0 -1 -1 4.0 2.0 -1 4.0
a 502 127 1.0 3.0 2.0 -1 4.0 4.0 -1 1.0 2.0 -1
a 503 516 -1 3.0 -1 1.0 4.0 -1 4.0 -1 1.0 4.0
a 504 514 -1 4.0 1.0 2.0 3.0 -1 3.0 -1 1.0 -1
